t	S.O2	S.I	S.S	S.NH	S.N2	S.NO	S.ALK	X.I	X.S	X.H	X.STO	X.A	X.SS	Q	T
1	0	126	163,8	92	0	0	13,2	151,2	756	31,5	6,3	25,2	280	5935	8,5
8	0	140,9	183,17	94	0	0	11,7	169,08	845,4	35,225	7,045	28,18	440	5810	8,7
15	0	123,1	160,03	86	0	0	13,4	147,72	738,6	30,775	6,155	24,62	275	5722	8,5
22	0	93,9	122,07	68	0	0	9,8	112,68	563,4	23,475	4,695	18,78	280	6208	8,4
29	0	105,5	137,15	76	0	0	11,2	126,6	633	26,375	5,275	21,1	225	5825	8,3
36	0	118,6	154,18	85	0	0	12,5	142,32	711,6	29,65	5,93	23,72	245	5711	8,6
43	0	74,5	96,85	52	0	0	8,7	89,4	447	18,625	3,725	14,9	195	8522	7,9
50	0	108,7	141,31	79	0	0	12,7	130,44	652,2	27,175	5,435	21,74	295	5975	8,5
57	0	108,9	141,57	77	0	0	12,3	130,68	653,4	27,225	5,445	21,78	250	8937	8,6
64	0	130,3	169,39	87	0	0	12,2	156,36	781,8	32,575	6,515	26,06	365	5570	8,8
71	0	117,1	152,23	86	0	0	12,3	140,52	702,6	29,275	5,855	23,42	250	5786	8,8
78	0	127,6	165,88	88	0	0	13,3	153,12	765,6	31,9	6,38	25,52	305	5873	8,7
85	0	111,5	144,95	76	0	0	12,3	133,8	669	27,875	5,575	22,3	235	6066	9,2
92	0	146,9	190,97	93	0	0	13	176,28	881,4	36,725	7,345	29,38	290	5600	9,8
99	0	130,8	170,04	81	0	0	13,8	156,96	784,8	32,7	6,54	26,16	335	5576	10,7
106	0	123,5	160,55	84	0	0	12,3	148,2	741	30,875	6,175	24,7	315	5930	11,6
113	0	114,2	148,46	87	0	0	13,5	137,04	685,2	28,55	5,71	22,84	295	6552	12,1
120	0	119,7	155,61	69	0	0	12,3	143,64	718,2	29,925	5,985	23,94	365	5711	11,7
127	0	119,2	154,96	82	0	0	13,1	143,04	715,2	29,8	5,96	23,84	285	5946	12,5
134	0	105,2	136,76	77	0	0	12,3	126,24	631,2	26,3	5,26	21,04	310	5815	13,2
141	0	119	154,7	77	0	0	12,9	142,8	714	29,75	5,95	23,8	140	6056	13,7
148	0	116,6	151,58	78	0	0	12,3	139,92	699,6	29,15	5,83	23,32	295	5904	14,6
155	0	109,8	142,74	64	0	0	10,5	131,76	658,8	27,45	5,49	21,96	365	5779	15,6
162	0	104,9	136,37	78	0	0	12,3	125,88	629,4	26,225	5,245	20,98	285	5835	16
169	0	82,5	107,25	73	0	0	11,7	99	495	20,625	4,125	16,5	135	5744	16,7
176	0	144,2	187,46	81	0	0	12,3	173,04	865,2	36,05	7,21	28,84	310	5616	16,8
183	0	117,7	153,01	81	0	0	12,7	141,24	706,2	29,425	5,885	23,54	290	5567	16,8
190	0	110,3	143,39	84	0	0	12,3	132,36	661,8	27,575	5,515	22,06	280	5430	16,9
197	0	118,9	154,57	83	0	0	13,4	142,68	713,4	29,725	5,945	23,78	325	5290	17,4
204	0	118,9	154,57	81	0	0	13,6	142,68	713,4	29,725	5,945	23,78	310	5652	17,2
211	0	149,6	194,48	64	0	0	12,3	179,52	897,6	37,4	7,48	29,92	455	5839	18,3
218	0	109,6	142,48	71	0	0	12,1	131,52	657,6	27,4	5,48	21,92	390	5527	18,5
225	0	100,5	130,65	85	0	0	12,3	120,6	603	25,125	5,025	20,1	330	5801	18,3
232	0	105,2	136,76	67	0	0	10,2	126,24	631,2	26,3	5,26	21,04	255	6174	17,8
239	0	106,7	138,71	72	0	0	12	128,04	640,2	26,675	5,335	21,34	290	5706	17,2
246	0	112,3	145,99	71	0	0	12,2	134,76	673,8	28,075	5,615	22,46	345	5457	17,1
253	0	154,1	200,33	71	0	0	12,7	184,92	924,6	38,525	7,705	30,82	640	5826	16,7
260	0	103,1	134,03	79	0	0	12,3	123,72	618,6	25,775	5,155	20,62	290	6010	15,8
267	0	99,6	129,48	75	0	0	12,8	119,52	597,6	24,9	4,98	19,92	205	6106	15,5
274	0	102,3	132,99	83	0	0	14,4	122,76	613,8	25,575	5,115	20,46	180	5777	14,8
281	0	107,1	139,23	79	0	0	12,1	128,52	642,6	26,775	5,355	21,42	345	5679	14,2
288	0	129,1	167,83	91	0	0	11,8	154,92	774,6	32,275	6,455	25,82	305	5971	13,8
295	0	80,7	104,91	79	0	0	11,5	96,84	484,2	20,175	4,035	16,14	120	6045	13,5
302	0	108,2	140,66	93	0	0	12,3	129,84	649,2	27,05	5,41	21,64	250	6153	12,8
309	0	117,9	153,27	77	0	0	12,1	141,48	707,4	29,475	5,895	23,58	325	6454	12,6
316	0	111,1	144,43	81	0	0	12,3	133,32	666,6	27,775	5,555	22,22	155	5829	11,8
323	0	115,3	149,89	85	0	0	12,6	138,36	691,8	28,825	5,765	23,06	280	6065	10,4
330	0	114,5	148,85	105	0	0	13,8	137,4	687	28,625	5,725	22,9	305	6054	10
337	0	124,3	161,59	97	0	0	12,5	149,16	745,8	31,075	6,215	24,86	310	5476	9,8
344	0	127,8	166,14	90	0	0	12,3	153,36	766,8	31,95	6,39	25,56	375	5782	9,5
351	0	134,8	175,24	100	0	0	13	161,76	808,8	33,7	6,74	26,96	380	5659	9,1
358	0	162,5	211,25	80	0	0	11,6	195	975	40,625	8,125	32,5	340	8090	8,3
365	0	93,2	121,16	80	0	0	10,8	111,84	559,2	23,3	4,66	18,64	305	6753	7,5
372	0	81,8	106,34	62	0	0	9,1	98,16	490,8	20,45	4,09	16,36	290	11125	6,6
379	0	105,4	137,02	86	0	0	12,3	126,48	632,4	26,35	5,27	21,08	375	5807	7,2
386	0	126,3	164,19	83	0	0	11,5	151,56	757,8	31,575	6,315	25,26	260	7045	7,2
393	0	111,3	144,69	97	0	0	13	133,56	667,8	27,825	5,565	22,26	265	5514	6,4
400	0	209,5	272,35	75	0	0	11,1	251,4	1257	52,375	10,475	41,9	555	6480	5,8
407	0	134,3	174,59	86	0	0	12,3	161,16	805,8	33,575	6,715	26,86	335	6284	6,4
414	0	123,3	160,29	89	0	0	14,4	147,96	739,8	30,825	6,165	24,66	305	6303	7,1
421	0	123,1	160,03	88	0	0	12,3	147,72	738,6	30,775	6,155	24,62	360	5871	7,2
428	0	88,2	114,66	74	0	0	12,3	105,84	529,2	22,05	4,41	17,64	215	6924	7,5
435	0	138,1	179,53	92	0	0	12,7	165,72	828,6	34,525	6,905	27,62	395	5890	7,4
442	0	109,5	142,35	85	0	0	12,3	131,4	657	27,375	5,475	21,9	275	5960	8,1
449	0	139,2	180,96	94	0	0	12,1	167,04	835,2	34,8	6,96	27,84	340	6168	8,6
456	0	152,1	197,73	97	0	0	12,3	182,52	912,6	38,025	7,605	30,42	285	5843	8,8
463	0	64,4	83,72	68	0	0	10,5	77,28	386,4	16,1	3,22	12,88	275	7038	9,4
470	0	140,5	182,65	89	0	0	12,3	168,6	843	35,125	7,025	28,1	425	5886	9,6
477	0	115,1	149,63	81	0	0	13,4	138,12	690,6	28,775	5,755	23,02	310	5992	9,9
484	0	136,5	177,45	82	0	0	12,4	163,8	819	34,125	6,825	27,3	320	5921	10,7
491	0	141,8	184,34	89	0	0	12,5	170,16	850,8	35,45	7,09	28,36	580	5749	11,7
498	0	130,9	170,17	79	0	0	11,5	157,08	785,4	32,725	6,545	26,18	340	6243	12,3
505	0	133,6	173,68	79	0	0	13,2	160,32	801,6	33,4	6,68	26,72	420	6134	13
512	0	128,4	166,92	81	0	0	12,5	154,08	770,4	32,1	6,42	25,68	370	5979	13,7
519	0	140,7	182,91	76	0	0	12,9	168,84	844,2	35,175	7,035	28,14	385	5867	14,8
526	0	116,3	151,19	82	0	0	12,5	139,56	697,8	29,075	5,815	23,26	260	5827	15,9
533	0	130,5	169,65	80	0	0	12,3	156,6	783	32,625	6,525	26,1	475	7679	16,4
540	0	106,1	137,93	85	0	0	13,2	127,32	636,6	26,525	5,305	21,22	375	5536	16,6
547	0	128,5	167,05	86	0	0	12,3	154,2	771	32,125	6,425	25,7	420	5775	16,8
554	0	108,2	140,66	78	0	0	12,7	129,84	649,2	27,05	5,41	21,64	335	5460	17,2
561	0	113,7	147,81	82	0	0	13,2	136,44	682,2	28,425	5,685	22,74	245	5571	17,5
568	0	114,5	148,85	81	0	0	12,4	137,4	687	28,625	5,725	22,9	300	5438	17,5
575	0	122,5	159,25	101	0	0	11,1	147	735	30,625	6,125	24,5	410	5912	17,5
582	0	122,3	158,99	91	0	0	12,4	146,76	733,8	30,575	6,115	24,46	350	5554	17,7
589	0	103,2	134,16	74	0	0	12,5	123,84	619,2	25,8	5,16	20,64	195	6096	16,8
596	0	111,7	145,21	74	0	0	13,7	134,04	670,2	27,925	5,585	22,34	265	6027	16,5
603	0	132,3	171,99	84	0	0	12,3	158,76	793,8	33,075	6,615	26,46	350	5826	16,2
610	0	108,1	140,53	92	0	0	13,8	129,72	648,6	27,025	5,405	21,62	330	5794	16,4
617	0	122,3	158,99	84	0	0	13,6	146,76	733,8	30,575	6,115	24,46	320	5689	16,3
624	0	135,7	176,41	82	0	0	13,1	162,84	814,2	33,925	6,785	27,14	620	7090	15,9
631	0	98,1	127,53	80	0	0	13,1	117,72	588,6	24,525	4,905	19,62	215	6312	15,5
638	0	105,3	136,89	91	0	0	13,2	126,36	631,8	26,325	5,265	21,06	270	5954	14,6
645	0	87,5	113,75	82	0	0	10,3	105	525	21,875	4,375	17,5	200	5790	14
652	0	115,6	150,28	89	0	0	11,6	138,72	693,6	28,9	5,78	23,12	295	5878	13,2
659	0	105,6	137,28	65	0	0	9	126,72	633,6	26,4	5,28	21,12	95	8470	12,5
666	0	103,1	134,03	90	0	0	12,3	123,72	618,6	25,775	5,155	20,62	330	6163	11,8
673	0	99,5	129,35	82	0	0	12,2	119,4	597	24,875	4,975	19,9	160	5702	11,7
680	0	113,4	147,42	81	0	0	12,7	136,08	680,4	28,35	5,67	22,68	310	5912	11,2
687	0	144,5	187,85	68	0	0	9,5	173,4	867	36,125	7,225	28,9	350	8893	9,5
694	0	111,6	145,08	91	0	0	12,3	133,92	669,6	27,9	5,58	22,32	240	5770	9,5
701	0	133,7	173,81	84	0	0	12,4	160,44	802,2	33,425	6,685	26,74	250	5934	8,8
708	0	118	153,4	80	0	0	12,3	141,6	708	29,5	5,9	23,6	335	5962	8,9
715	0	121,5	157,95	94	0	0	12,3	145,8	729	30,375	6,075	24,3	290	6421	7,8
722	0	112,8	146,64	86	0	0	12,9	135,36	676,8	28,2	5,64	22,56	275	6571	8
729	0	139,2	180,96	86	0	0	12,3	167,04	835,2	34,8	6,96	27,84	375	6005	7,7
736	0	123,6	160,68	81	0	0	12,4	148,32	741,6	30,9	6,18	24,72	275	6075	7,3
743	0	115,1	149,63	83	0	0	11,8	138,12	690,6	28,775	5,755	23,02	345	6301	7,4
750	0	129,2	167,96	79	0	0	11,8	155,04	775,2	32,3	6,46	25,84	590	6169	7
757	0	144,3	187,59	75	0	0	11,5	173,16	865,8	36,075	7,215	28,86	590	6391	7,6
764	0	102,7	133,51	75	0	0	12,1	123,24	616,2	25,675	5,135	20,54	175	5897	7,7
771	0	103,8	134,94	79	0	0	12,3	124,56	622,8	25,95	5,19	20,76	295	7000	7,4
778	0	113,7	147,81	85	0	0	13,6	136,44	682,2	28,425	5,685	22,74	270	5947	7,6
785	0	125,3	162,89	85	0	0	12,3	150,36	751,8	31,325	6,265	25,06	315	6209	7,3
792	0	108,7	141,31	84	0	0	12,9	130,44	652,2	27,175	5,435	21,74	320	5871	8,1
799	0	118,5	154,05	87	0	0	12,3	142,2	711	29,625	5,925	23,7	290	5842	8
806	0	120,7	156,91	85	0	0	13,1	144,84	724,2	30,175	6,035	24,14	280	5809	8,5
813	0	101,1	131,43	61	0	0	8,3	121,32	606,6	25,275	5,055	20,22	350	7572	8,3
820	0	120,2	156,26	87	0	0	12,3	144,24	721,2	30,05	6,01	24,04	240	6121	9
827	0	128	166,4	87	0	0	12,5	153,6	768	32	6,4	25,6	290	6496	9,7
834	0	116,4	151,32	92	0	0	12,3	139,68	698,4	29,1	5,82	23,28	365	5900	10,3
841	0	132,6	172,38	70	0	0	11,9	159,12	795,6	33,15	6,63	26,52	365	5802	11,2
848	0	115,3	149,89	89	0	0	12,3	138,36	691,8	28,825	5,765	23,06	315	5715	14,2
855	0	126	163,8	70	0	0	12,4	151,2	756	31,5	6,3	25,2	405	6297	15,3
862	0	117,4	152,62	75	0	0	13	140,88	704,4	29,35	5,87	23,48	335	5578	16,1
869	0	88,1	114,53	80	0	0	12,3	105,72	528,6	22,025	4,405	17,62	115	5789	16
876	0	106	137,8	75	0	0	12,3	127,2	636	26,5	5,3	21,2	365	5731	16,8
883	0	117,1	152,23	65	0	0	11	140,52	702,6	29,275	5,855	23,42	330	5600	17,2
890	0	94,5	122,85	58	0	0	12,3	113,4	567	23,625	4,725	18,9	270	5807	17,5
897	0	96	124,8	65	0	0	12,3	115,2	576	24	4,8	19,2	295	5404	18,6
904	0	125,7	163,41	72	0	0	12	150,84	754,2	31,425	6,285	25,14	255	5579	19,1
911	0	120,9	157,17	87	0	0	12,3	145,08	725,4	30,225	6,045	24,18	365	5240	18,8
918	0	118,6	154,18	73	0	0	12,1	142,32	711,6	29,65	5,93	23,72	375	5197	19
925	0	92,7	120,51	44	0	0	7	111,24	556,2	23,175	4,635	18,54	355	11145	20
932	0	102,9	133,77	77	0	0	13,1	123,48	617,4	25,725	5,145	20,58	230	5615	19,5
939	0	107,9	140,27	77	0	0	12,3	129,48	647,4	26,975	5,395	21,58	314	5512	19,8
946	0	134,1	174,33	75	0	0	13	160,92	804,6	33,525	6,705	26,82	640	5420	20,2
953	0	95,3	123,89	82	0	0	12,7	114,36	571,8	23,825	4,765	19,06	230	5442	20,5
960	0	98,8	128,44	78	0	0	12,3	118,56	592,8	24,7	4,94	19,76	265	5799	20,1
967	0	113,2	147,16	83	0	0	12,7	135,84	679,2	28,3	5,66	22,64	440	5313	19,6
974	0	114,3	148,59	88	0	0	11,6	137,16	685,8	28,575	5,715	22,86	360	5746	19
981	0	113,8	147,94	89	0	0	12,6	136,56	682,8	28,45	5,69	22,76	255	5678	18,2
988	0	140,1	182,13	86	0	0	12,5	168,12	840,6	35,025	7,005	28,02	440	6515	17,6
995	0	114,2	148,46	109	0	0	15,9	137,04	685,2	28,55	5,71	22,84	275	5541	16,3
1002	0	119,4	155,22	90	0	0	13,7	143,28	716,4	29,85	5,97	23,88	240	5399	16,5
1009	0	118,3	153,79	85	0	0	11,8	141,96	709,8	29,575	5,915	23,66	295	5389	16,4
1016	0	115,6	150,28	88	0	0	12,6	138,72	693,6	28,9	5,78	23,12	220	5374	16
1023	0	125,6	163,28	93	0	0	12,1	150,72	753,6	31,4	6,28	25,12	215	5511	15,9
1030	0	117,6	152,88	88	0	0	12,3	141,12	705,6	29,4	5,88	23,52	280	5610	15,4
1037	0	119,8	155,74	98	0	0	12,9	143,76	718,8	29,95	5,99	23,96	285	5666	14,9
1044	0	133,3	173,29	105	0	0	13,6	159,96	799,8	33,325	6,665	26,66	230	5717	13,3
1051	0	162,9	211,77	97	0	0	13,1	195,48	977,4	40,725	8,145	32,58	510	5684	12,8
1058	0	135,3	175,89	89	0	0	12,5	162,36	811,8	33,825	6,765	27,06	105	5689	12,2
1065	0	134,5	174,85	97	0	0	12,7	161,4	807	33,625	6,725	26,9	235	5771	11,5
1072	0	101,9	132,47	80	0	0	12,1	122,28	611,4	25,475	5,095	20,38	265	5899	10
1079	0	132,3	171,99	98	0	0	12,5	158,76	793,8	33,075	6,615	26,46	385	6086	10,3
1086	0	92,4	120,12	96	0	0	12,5	110,88	554,4	23,1	4,62	18,48	385	5722	11
1093	0	132,2	171,86	94	0	0	12,4	158,64	793,2	33,05	6,61	26,44	190	5935	11,1
1100	0	118,4	153,92	88	0	0	12,1	142,08	710,4	29,6	5,92	23,68	195	5661	11,2
1107	0	137,9	179,27	88	0	0	12,2	165,48	827,4	34,475	6,895	27,58	265	5834	10,2
1114	0	131,9	171,47	74	0	0	10,5	158,28	791,4	32,975	6,595	26,38	200	7671	9,9
1121	0	112,3	145,99	101	0	0	12,3	134,76	673,8	28,075	5,615	22,46	270	5553	9,5
1128	0	118,3	153,79	92	0	0	12,5	141,96	709,8	29,575	5,915	23,66	330	5812	9,3
1135	0	117,2	152,36	93	0	0	12,6	140,64	703,2	29,3	5,86	23,44	135	5716	9,7
1142	0	193,4	251,42	96	0	0	12,2	232,08	1160,4	48,35	9,67	38,68	580	5890	9,7
1149	0	172,3	223,99	82	0	0	12,3	206,76	1033,8	43,075	8,615	34,46	735	7850	9,3
1156	0	105,5	137,15	88	0	0	12,1	126,6	633	26,375	5,275	21,1	220	7775	9,5
1163	0	149,8	194,74	90	0	0	12,3	179,76	898,8	37,45	7,49	29,96	314	5553	10,5
1170	0	113,6	147,68	84	0	0	12,3	136,32	681,6	28,4	5,68	22,72	275	5810	11,1
1177	0	100,3	130,39	85	0	0	12,3	120,36	601,8	25,075	5,015	20,06	314	5925	11,1
1184	0	133,3	173,29	85	0	0	10,9	159,96	799,8	33,325	6,665	26,66	314	6360	11,1
1191	0	107,6	139,88	78	0	0	10,7	129,12	645,6	26,9	5,38	21,52	245	6197	11,6
1198	0	115,6	150,28	87	0	0	12,3	138,72	693,6	28,9	5,78	23,12	280	5990	12,4
1205	0	120,4	156,52	80	0	0	12,1	144,48	722,4	30,1	6,02	24,08	310	5842	12,7
1212	0	141,9	184,47	84	0	0	12,3	170,28	851,4	35,475	7,095	28,38	430	6051	13,3
1219	0	139,2	180,96	84	0	0	12,4	167,04	835,2	34,8	6,96	27,84	365	5825	14,3
1226	0	125,1	162,63	76	0	0	11,8	150,12	750,6	31,275	6,255	25,02	325	5704	14,9
1233	0	142,7	185,51	83	0	0	12,3	171,24	856,2	35,675	7,135	28,54	455	6224	15,6
