#1
double t_data(1345,16)	#t	S.O2	S.I	S.S	S.NH	S.N2	S.NO	S.ALK	X.I	X.S	X.H	X.A	X.STO	X.SS	S.P	Q
0	0	30	63.63	30.25	0	0	7	58.48	224.4	31.43	0	0	235.7	8.808	21480
0.01042	0	30	61.67	30.21	0	0	7	58.46	224.3	31.42	0	0	235.7	8.641	21470
0.02083	0	30	61.72	31.05	0	0	7	53.07	224.4	30.83	0	0	231.2	8.696	19620
0.03125	0	30	62.16	31.67	0	0	7	51.46	221	30.27	0	0	227	8.768	19330
0.04167	0	30	64.58	33.16	0	0	7	49.73	217.7	29.72	0	0	222.9	9.076	18980
0.05208	0	30	67.85	35.12	0	0	7	47.19	214.3	29.06	0	0	217.9	9.491	18320
0.0625	0	30	72.14	37.87	0	0	7	47.16	219.9	29.68	0	0	222.6	10.097	17860
0.07292	0	30	72.47	37.87	0	0	7	44.13	213.3	28.6	0	0	214.5	10.091	17240
0.08333	0	30	69.76	36.85	0	0	7	40.89	207.1	27.56	0	0	206.7	9.748	16450
0.09375	0	30	67.5	36.47	0	0	7	39.93	201.1	26.78	0	0	200.8	9.503	16550
0.1042	0	30	62.84	34.39	0	0	7	38.35	196.1	26.05	0	0	195.4	8.918	16300
0.1146	0	30	62.47	34.68	0	0	7	33.82	190.7	24.95	0	0	187.1	8.877	14740
0.125	0	30	53.74	32.07	0	0	7	30.13	183.2	23.71	0	0	177.8	7.893	13610
0.1354	0	30	54.45	29.9	0	0	7	27.18	174.9	22.45	0	0	168.4	7.732	12810
0.1458	0	30	50.07	27.07	0	0	7	24.7	166.4	21.24	0	0	159.3	7.093	12170
0.1563	0	30	46.35	24.7	0	0	7	22.34	158	20.04	0	0	150.3	6.549	11530
0.1667	0	30	44.36	23.39	0	0	7	22.42	150.8	19.24	0	0	144.3	6.248	12200
0.1771	0	30	42.58	22.2	0	0	7	20.64	144.8	18.38	0	0	137.9	5.974	11640
0.1875	0	30	40	20.32	0	0	7	20.38	139.3	17.75	0	0	133.1	5.582	11980
0.1979	0	30	40.39	20.54	0	0	7	21.88	136.2	17.57	0	0	131.7	5.628	13270
0.2083	0	30	40.78	20.72	0	0	7	20.27	133.8	17.12	0	0	128.4	5.661	12450
0.2188	0	30	40.47	20.75	0	0	7	21.44	131.8	17.03	0	0	127.7	5.635	13450
0.2292	0	30	40.84	20.66	0	0	7	21.9	131.3	17.03	0	0	127.7	5.658	13820
0.2396	0	30	40.47	20.61	0	0	7	21.84	131.1	17	0	0	127.5	5.622	13800
0.25	0	30	40.51	20.54	0	0	7	19.72	129.6	16.6	0	0	124.5	5.607	12510
0.2604	0	30	40.52	20.44	0	0	7	19.4	127.2	16.29	0	0	122.2	5.591	12540
0.2708	0	30	40.31	20.4	0	0	7	18.07	124.6	15.85	0	0	118.9	5.556	11870
0.2813	0	30	40.12	20.16	0	0	7	18.03	122	15.56	0	0	116.7	5.511	12120
0.2917	0	30	40.05	20.03	0	0	7	17.43	119.8	15.25	0	0	114.4	5.484	11910
0.3021	0	30	40.34	20	0	0	7	17.35	117.9	15.03	0	0	112.7	5.499	12060
0.3125	0	30	40.58	20.1	0	0	7	17.69	116.8	14.95	0	0	112.1	5.525	12450
0.3229	0	30	40.89	20.4	0	0	7	18.37	116.7	15.01	0	0	112.6	5.578	12980
0.3333	0	30	41.17	20.82	0	0	7	18.37	117	15.04	0	0	112.8	5.637	12960
0.3438	0	30	41.86	21.17	0	0	7	18.09	116.9	15	0	0	112.5	5.723	12750
0.3542	0	30	42.42	21.61	0	0	7	19.31	117.6	15.21	0	0	114.1	5.813	13600
0.3646	0	30	43.95	22.14	0	0	7	20.39	119.4	15.53	0	0	116.5	5.993	14170
0.375	0	30	48.77	24.68	0	0	7	25.75	121.6	16.37	0	0	122.8	6.634	17640
0.3854	0	30	59.89	29.66	0	0	7	27.43	129.6	17.44	0	0	130.8	8.008	17640
0.3958	0	30	71.46	34.25	0	0	7	38.14	139.3	19.71	0	0	147.9	9.427	22460
0.4063	0	30	80.01	37.94	0	0	7	50.43	153.9	22.71	0	0	170.3	10.54	26280
0.4167	0	30	94.9	43.4	0	0	7	54.36	171.1	25.05	0	0	187.9	12.31	25600
0.4271	0	30	105.8	46.61	0	0	7	64.85	185.3	27.79	0	0	208.4	13.57	27780
0.4375	0	30	115.2	49.25	0	0	7	75.75	200.7	30.72	0	0	230.4	14.667	29550
0.4479	0	30	120	50	0	0	7	88.95	214.3	33.7	0	0	252.7	15.223	31860
0.4583	0	30	119	49.25	0	0	7	96.68	230.1	36.31	0	0	272.3	15.156	32170
0.4688	0	30	112.1	45.74	0	0	7	102.5	243.9	38.5	0	0	288.7	14.36	32180
0.4792	0	30	102.5	40.86	0	0	7	106.2	255.8	40.22	0	0	301.6	13.203	31870
0.4896	0	30	94.81	39.03	0	0	7	95.51	269.7	40.58	0	0	304.4	12.425	28050
0.5	0	30	88.38	36.85	0	0	7	91.18	273.2	40.49	0	0	303.6	11.704	26700
0.5104	0	30	81.29	34.25	0	0	7	90.71	271.8	40.28	0	0	302.1	10.89	26690
0.5208	0	30	75.77	32.16	0	0	7	86.23	271.8	39.78	0	0	298.3	10.24	25570
0.5313	0	30	70.37	30.78	0	0	7	85.71	271	39.64	0	0	297.3	9.671	25500
0.5417	0	30	68.28	29.8	0	0	7	74.13	271.5	38.41	0	0	288.1	9.376	22400
0.5521	0	30	67.03	29.24	0	0	7	87.45	263.7	39.01	0	0	292.6	9.245	26560
0.5625	0	30	66.77	28.52	0	0	7	85.83	266.4	39.14	0	0	293.6	9.167	25910
0.5729	0	30	67.08	27.96	0	0	7	80.16	267.8	38.66	0	0	290	9.131	24310
0.5833	0	30	68.09	28.13	0	0	7	76.22	265.9	38.01	0	0	285.1	9.209	23400
0.5938	0	30	68.72	27.55	0	0	7	65.42	263.2	36.51	0	0	273.8	9.167	20560
0.6042	0	30	68.31	27.46	0	0	7	57.19	253.9	34.56	0	0	259.2	9.064	18730
0.6146	0	30	65.17	26.46	0	0	7	76.52	243.9	35.61	0	0	267	8.751	25320
0.625	0	30	61.65	26.18	0	0	7	70.05	248.6	35.41	0	0	265.5	8.428	23050
0.6354	0	30	59.76	26.29	0	0	7	64.18	247.7	34.66	0	0	259.9	8.257	21360
0.6458	0	30	58.95	26.79	0	0	7	66.79	243.6	34.49	0	0	258.7	8.225	22490
0.6563	0	30	59.39	27.29	0	0	7	53.09	242.5	32.84	0	0	246.3	8.252	18220
0.6667	0	30	60.21	27.12	0	0	7	48.59	232.1	31.18	0	0	233.9	8.255	17440
0.6771	0	30	62.43	27.42	0	0	7	51.67	222.9	30.51	0	0	228.8	8.443	19250
0.6875	0	30	65.87	28.33	0	0	7	50.5	218.5	29.89	0	0	224.1	8.786	19200
0.6979	0	30	65.62	28.28	0	0	7	51.12	215.9	29.68	0	0	222.6	8.754	19640
0.7083	0	30	64	27.71	0	0	7	49	214.1	29.24	0	0	219.3	8.559	19010
0.7188	0	30	59.54	26.69	0	0	7	46.94	211.3	28.69	0	0	215.2	8.085	18480
0.7292	0	30	58.34	26.57	0	0	7	45.21	206.6	27.99	0	0	209.9	7.953	18210
0.7396	0	30	57.34	26.62	0	0	7	45.48	203.9	27.71	0	0	207.8	7.865	18550
0.75	0	30	58.69	27.46	0	0	7	45.37	202.1	27.5	0	0	206.2	8.041	18670
0.7604	0	30	60.47	28.33	0	0	7	45.06	200.7	27.3	0	0	204.8	8.256	18670
0.7708	0	30	63.25	29.27	0	0	7	44.73	199.4	27.13	0	0	203.4	8.56	18650
0.7813	0	30	62.37	30.63	0	0	7	56.42	199.3	28.42	0	0	213.1	8.64	23140
0.7917	0	30	62.22	30.59	0	0	7	56.52	205.9	29.16	0	0	218.7	8.647	22510
0.8021	0	30	62.01	28.16	0	0	7	56.34	210.2	29.61	0	0	222.1	8.442	22030
0.8125	0	30	66.41	29.8	0	0	7	58.43	213.1	30.17	0	0	226.3	8.962	22490
0.8229	0	30	67.19	29.82	0	0	7	49.05	216	29.45	0	0	220.9	9.007	18880
0.8333	0	30	68.47	30.3	0	0	7	53.24	212.9	29.57	0	0	221.8	9.157	20670
0.8438	0	30	71.89	32.13	0	0	7	63.45	213.7	30.79	0	0	230.9	9.633	24150
0.8542	0	30	75.64	33.77	0	0	7	60.41	220	31.16	0	0	233.7	10.094	22520
0.8646	0	30	77.44	34.3	0	0	7	61.91	222.3	31.58	0	0	236.9	10.302	22800
0.875	0	30	80.08	35.64	0	0	7	59.52	224.9	31.6	0	0	237	10.634	21780
0.8854	0	30	82.6	36.06	0	0	7	51.65	225.1	30.75	0	0	230.6	10.852	19070
0.8958	0	30	83.84	35.93	0	0	7	72.08	220.7	32.53	0	0	244	11	26210
0.9063	0	30	84.22	35.45	0	0	7	68.09	229.8	33.1	0	0	248.2	11.01	24100
0.9167	0	30	83.38	35.7	0	0	7	65.82	233.3	33.24	0	0	249.3	10.964	23070
0.9271	0	30	82	35.63	0	0	7	63.99	234.5	33.17	0	0	248.8	10.841	22390
0.9375	0	30	80.14	35.38	0	0	7	49.15	234.2	31.48	0	0	236.1	10.613	17480
0.9479	0	30	77.75	34.94	0	0	7	72.37	225.6	33.11	0	0	248.3	10.429	25810
0.9583	0	30	75.62	34.14	0	0	7	66.46	233.6	33.34	0	0	250	10.192	23250
0.9688	0	30	71.87	32.7	0	0	7	69.61	234.9	33.84	0	0	253.8	9.775	24100
0.9792	0	30	69.46	31.47	0	0	7	64.95	237.9	33.65	0	0	252.4	9.464	22400
0.9896	0	30	67.5	30.68	0	0	7	57.16	237.3	32.72	0	0	245.4	9.207	19960
1	0	30	63.63	30.25	0	0	7	51.27	232.3	31.51	0	0	236.3	8.811	18360
1.01	0	30	61.67	30.21	0	0	7	50.52	225.6	30.68	0	0	230.1	8.618	18620
1.021	0	30	61.72	31.05	0	0	7	50.62	220.8	30.16	0	0	226.2	8.675	19050
1.031	0	30	62.16	31.67	0	0	7	62.57	217.9	31.17	0	0	233.8	8.796	23430
1.042	0	30	64.58	33.16	0	0	7	59.62	222.7	31.36	0	0	235.2	9.127	22010
1.052	0	30	67.85	35.12	0	0	7	63.86	223.8	31.96	0	0	239.7	9.582	23310
1.063	0	30	72.14	37.87	0	0	7	64.28	226.9	32.35	0	0	242.7	10.181	23160
1.073	0	30	72.47	37.87	0	0	7	41.49	228.3	29.98	0	0	224.8	10.134	15120
1.083	0	30	69.76	36.85	0	0	7	39.67	215.5	28.36	0	0	212.7	9.773	15320
1.094	0	30	67.5	36.47	0	0	7	37.97	206	27.11	0	0	203.3	9.514	15340
1.104	0	30	62.84	34.39	0	0	7	35.13	198	25.9	0	0	194.2	8.913	14750
1.115	0	30	62.24	34.68	0	0	7	32.71	190.1	24.75	0	0	185.7	8.852	14290
1.125	0	30	53.74	32.07	0	0	7	27.94	184.1	23.56	0	0	176.7	7.889	12480
1.135	0	30	54.45	29.9	0	0	7	26.39	173.9	22.25	0	0	166.9	7.726	12480
1.146	0	30	50.07	27.07	0	0	7	22.94	164.6	20.83	0	0	156.2	7.081	11350
1.156	0	30	46.35	24.7	0	0	7	21.1	155.1	19.58	0	0	146.9	6.535	11040
1.167	0	30	44.36	23.39	0	0	7	19.02	146.3	18.37	0	0	137.8	6.221	10470
1.177	0	30	42.58	22.2	0	0	7	17.21	137.7	17.21	0	0	129.1	5.937	10000
1.188	0	30	40	20.32	0	0	7	18.18	131.3	16.61	0	0	124.6	5.547	11260
1.198	0	30	40.39	20.54	0	0	7	16.34	126	15.82	0	0	118.6	5.573	10440
1.208	0	30	40.78	20.72	0	0	7	16.41	121.2	15.29	0	0	114.7	5.604	10980
1.219	0	30	40.47	20.75	0	0	7	16.3	117.8	14.9	0	0	111.7	5.568	11250
1.229	0	30	40.84	20.66	0	0	7	16.59	115.5	14.68	0	0	110.1	5.585	11740
1.24	0	30	40.47	20.61	0	0	7	16.1	113.6	14.41	0	0	108.1	5.541	11560
1.25	0	30	40.51	20.54	0	0	7	16.61	112.3	14.33	0	0	107.4	5.536	12120
1.26	0	30	40.52	20.44	0	0	7	17.14	112.1	14.36	0	0	107.7	5.53	12580
1.271	0	30	40.31	20.4	0	0	7	15.53	110.9	14.05	0	0	105.4	5.5	11400
1.281	0	30	40.12	20.16	0	0	7	15.32	109.1	13.82	0	0	103.7	5.456	11450
1.292	0	30	40.05	20.03	0	0	7	15.97	108.3	13.81	0	0	103.5	5.439	12090
1.302	0	30	40.34	20	0	0	7	16.4	108.5	13.87	0	0	104	5.463	12430
1.313	0	30	40.58	20.1	0	0	7	15.2	107.8	13.67	0	0	102.5	5.485	11500
1.323	0	30	40.89	20.4	0	0	7	15.31	106.8	13.57	0	0	101.7	5.533	11720
1.333	0	30	41.17	20.82	0	0	7	15.26	106.1	13.49	0	0	101.2	5.588	11750
1.344	0	30	41.86	21.17	0	0	7	14.84	105.3	13.35	0	0	100.1	5.671	11490
1.354	0	30	42.42	21.61	0	0	7	16.53	106	13.61	0	0	102.1	5.763	12860
1.365	0	30	43.95	22.14	0	0	7	16.08	107	13.67	0	0	102.5	5.935	12350
1.375	0	30	48.77	24.68	0	0	7	15.94	107.2	13.68	0	0	102.6	6.55	12190
1.385	0	30	59.89	29.66	0	0	7	20.37	110.6	14.56	0	0	109.2	7.918	15330
1.396	0	30	71.46	34.25	0	0	7	34.1	121.9	17.33	0	0	130	9.352	22900
1.406	0	30	80.01	37.94	0	0	7	40.21	138.4	19.84	0	0	148.8	10.45	23690
1.417	0	30	94.9	43.4	0	0	7	47.04	154	22.33	0	0	167.5	12.224	24750
1.427	0	30	105.8	46.61	0	0	7	57.99	169.6	25.28	0	0	189.6	13.491	27250
1.438	0	30	115.2	49.25	0	0	7	70.3	186.6	28.55	0	0	214.1	14.599	29500
1.448	0	30	120	50	0	0	7	84.78	204.2	32.11	0	0	240.8	15.174	31870
1.458	0	30	119	49.25	0	0	7	93.64	223.3	35.21	0	0	264.1	15.121	32130
1.469	0	30	112.1	45.74	0	0	7	99.8	240	37.76	0	0	283.2	14.337	31910
1.479	0	30	102.5	40.86	0	0	7	105.5	253.6	39.9	0	0	299.3	13.193	31930
1.49	0	30	94.81	39.03	0	0	7	109.4	265.1	41.61	0	0	312.1	12.458	31720
1.5	0	30	88.38	36.85	0	0	7	109.8	274.9	42.75	0	0	320.6	11.775	30930
1.51	0	30	81.29	34.25	0	0	7	96.36	284.4	42.3	0	0	317.3	10.953	27040
1.521	0	30	75.77	32.16	0	0	7	91.2	283.9	41.68	0	0	312.6	10.3	25840
1.531	0	30	70.37	30.78	0	0	7	87.72	281.5	41.03	0	0	307.7	9.715	25170
1.542	0	30	68.28	29.8	0	0	7	85.22	278.5	40.41	0	0	303.1	9.439	24780
1.552	0	30	67.03	29.24	0	0	7	82.97	275.5	39.83	0	0	298.7	9.27	24440
1.563	0	30	66.77	28.52	0	0	7	75.86	273	38.76	0	0	290.7	9.155	22760
1.573	0	30	67.08	27.96	0	0	7	82.17	266.6	38.75	0	0	290.6	9.134	24940
1.583	0	30	68.09	28.13	0	0	7	78.99	266.4	38.37	0	0	287.8	9.22	24110
1.594	0	30	68.72	27.55	0	0	7	75.53	264.5	37.78	0	0	283.4	9.207	23320
1.604	0	30	68.31	27.46	0	0	7	70.88	261.6	36.94	0	0	277.1	9.139	22250
1.615	0	30	65.17	26.46	0	0	7	68.39	257.2	36.17	0	0	271.3	8.769	21880
1.625	0	30	61.65	26.18	0	0	7	67.19	252.8	35.56	0	0	266.7	8.432	21860
1.635	0	30	59.76	26.29	0	0	7	64.18	249.3	34.83	0	0	261.2	8.262	21240
1.646	0	30	58.95	26.79	0	0	7	63.87	245.1	34.33	0	0	257.5	8.22	21470
1.656	0	30	59.39	27.29	0	0	7	61.01	242.1	33.67	0	0	252.6	8.278	20820
1.667	0	30	60.21	27.12	0	0	7	58.94	238.3	33.02	0	0	247.7	8.313	20460
1.677	0	30	62.43	27.42	0	0	7	56.69	234.4	32.35	0	0	242.6	8.501	20030
1.688	0	30	65.87	28.33	0	0	7	53.63	230.4	31.56	0	0	236.7	8.839	19330
1.698	0	30	65.62	28.28	0	0	7	51.41	225.7	30.79	0	0	230.9	8.789	18930
1.708	0	30	64	27.71	0	0	7	49.2	221.1	30.03	0	0	225.2	8.583	18510
1.719	0	30	59.54	26.69	0	0	7	47.66	216.5	29.35	0	0	220.1	8.105	18320
1.729	0	30	58.34	26.57	0	0	7	46.49	212.3	28.75	0	0	215.7	7.977	18220
1.74	0	30	57.34	26.62	0	0	7	48.05	208.9	28.55	0	0	214.1	7.891	19110
1.75	0	30	58.69	27.46	0	0	7	57.04	208	29.45	0	0	220.9	8.102	22490
1.76	0	30	60.47	28.33	0	0	7	55.7	212.3	29.78	0	0	223.4	8.333	21600
1.771	0	30	63.25	29.27	0	0	7	58.01	214.3	30.26	0	0	226.9	8.658	22230
1.781	0	30	62.37	30.63	0	0	7	55.67	217	30.29	0	0	227.2	8.699	21170
1.792	0	30	62.22	30.59	0	0	7	52.02	217.3	29.92	0	0	224.4	8.671	19850
1.802	0	30	62.01	28.16	0	0	7	45.02	214.9	28.88	0	0	216.6	8.419	17450
1.813	0	30	66.41	29.8	0	0	7	46.17	209.5	28.41	0	0	213.1	8.907	18340
1.823	0	30	67.19	29.82	0	0	7	55.57	207.5	29.23	0	0	219.2	9	22020
1.833	0	30	68.47	30.3	0	0	7	60.53	211.5	30.22	0	0	226.7	9.178	23370
1.844	0	30	71.89	32.13	0	0	7	61.74	216.8	30.95	0	0	232.1	9.638	23270
1.854	0	30	75.64	33.77	0	0	7	68.39	220.7	32.13	0	0	240.9	10.124	25050
1.865	0	30	77.44	34.3	0	0	7	59.49	227.5	31.89	0	0	239.2	10.311	21540
1.875	0	30	80.08	35.64	0	0	7	52.76	226.7	31.05	0	0	232.9	10.616	19320
1.885	0	30	82.6	36.06	0	0	7	57.21	222.8	31.11	0	0	233.3	10.864	21190
1.896	0	30	83.84	35.93	0	0	7	73.91	222.5	32.93	0	0	247	11.012	26590
1.906	0	30	84.22	35.45	0	0	7	69.17	232	33.47	0	0	251	11.021	24230
1.917	0	30	83.38	35.7	0	0	7	69.1	235.4	33.83	0	0	253.7	10.982	23900
1.927	0	30	82	35.63	0	0	7	71.2	237.5	34.3	0	0	257.3	10.876	24340
1.938	0	30	80.14	35.38	0	0	7	62.9	240.7	33.73	0	0	253	10.684	21530
1.948	0	30	77.75	34.94	0	0	7	80.11	237	35.24	0	0	264.3	10.495	26980
1.958	0	30	75.62	34.14	0	0	7	78.1	244.8	35.88	0	0	269.1	10.271	25690
1.969	0	30	71.87	32.7	0	0	7	76.1	248.7	36.09	0	0	270.7	9.845	24780
1.979	0	30	69.46	31.47	0	0	7	74.18	250.5	36.07	0	0	270.5	9.54	24090
1.99	0	30	67.5	30.68	0	0	7	71.58	250.8	35.82	0	0	268.7	9.304	23310
2	0	30	63.63	30.25	0	0	7	63.66	250	34.86	0	0	261.4	8.916	21020
2.01	0	30	61.67	30.21	0	0	7	62.39	245.1	34.16	0	0	256.2	8.727	21010
2.021	0	30	61.72	31.05	0	0	7	52.9	229.8	31.42	0	0	235.6	8.715	19120
2.031	0	30	62.16	31.67	0	0	7	52.25	230.4	31.41	0	0	235.6	8.804	18850
2.042	0	30	64.58	33.16	0	0	7	50.48	226.9	30.82	0	0	231.1	9.11	18510
2.052	0	30	67.85	35.12	0	0	7	48.16	224.2	30.26	0	0	227	9.529	17890
2.063	0	30	72.14	37.87	0	0	7	46.3	221.1	29.71	0	0	222.8	10.098	17450
2.073	0	30	72.47	37.87	0	0	7	43.99	217.5	29.05	0	0	217.9	10.105	16860
2.083	0	30	69.76	36.85	0	0	7	43.27	223.7	29.67	0	0	222.5	9.814	16120
2.094	0	30	67.5	36.47	0	0	7	41.9	215.4	28.59	0	0	214.5	9.56	16210
2.104	0	30	62.84	34.39	0	0	7	39.87	208.1	27.55	0	0	206.6	8.965	15970
2.115	0	30	62.24	34.68	0	0	7	35.79	205.1	26.77	0	0	200.8	8.915	14490
2.125	0	30	53.74	32.07	0	0	7	32.73	201.7	26.04	0	0	195.3	7.967	13420
2.135	0	30	54.45	29.9	0	0	7	29.92	194.5	24.94	0	0	187.1	7.81	12660
2.146	0	30	50.07	27.07	0	0	7	27.36	185.9	23.7	0	0	177.7	7.17	12060
2.156	0	30	46.35	24.7	0	0	7	24.89	177.1	22.45	0	0	168.4	6.625	11450
2.167	0	30	44.36	23.39	0	0	7	24.55	166.5	21.23	0	0	159.2	6.311	12080
2.177	0	30	42.58	22.2	0	0	7	22.37	157.9	20.03	0	0	150.2	6.026	11550
2.188	0	30	40	20.32	0	0	7	21.95	151.2	19.24	0	0	144.3	5.629	11880
2.198	0	30	40.39	20.54	0	0	7	22.65	142.8	18.38	0	0	137.8	5.653	13100
2.208	0	30	40.78	20.72	0	0	7	20.84	138.9	17.74	0	0	133.1	5.68	12320
2.219	0	30	40.47	20.75	0	0	7	21.87	136.2	17.56	0	0	131.7	5.652	13270
2.229	0	30	40.84	20.66	0	0	7	21.76	132.3	17.12	0	0	128.4	5.661	13610
2.24	0	30	40.47	20.61	0	0	7	21.63	131.6	17.03	0	0	127.7	5.623	13600
2.25	0	30	40.51	20.54	0	0	7	20.06	133.1	17.02	0	0	127.7	5.621	12380
2.26	0	30	40.52	20.44	0	0	7	20.06	132.9	16.99	0	0	127.4	5.613	12410
2.271	0	30	40.31	20.4	0	0	7	18.79	130.5	16.59	0	0	124.4	5.579	11770
2.281	0	30	40.12	20.16	0	0	7	18.74	127.9	16.29	0	0	122.2	5.533	12010
2.292	0	30	40.05	20.03	0	0	7	17.99	124.6	15.85	0	0	118.9	5.503	11810
2.302	0	30	40.34	20	0	0	7	17.84	122.2	15.56	0	0	116.7	5.516	11950
2.313	0	30	40.58	20.1	0	0	7	17.9	119.4	15.25	0	0	114.4	5.535	12320
2.323	0	30	40.89	20.4	0	0	7	18.22	117.1	15.03	0	0	112.7	5.579	12830
2.333	0	30	41.17	20.82	0	0	7	18.09	116.4	14.95	0	0	112.1	5.634	12800
2.344	0	30	41.86	21.17	0	0	7	17.94	117.1	15.01	0	0	112.6	5.723	12600
2.354	0	30	42.42	21.61	0	0	7	18.88	116.5	15.04	0	0	112.8	5.808	13410
2.365	0	30	43.95	22.14	0	0	7	19.44	115.5	15	0	0	112.5	5.977	13950
2.375	0	30	48.77	24.68	0	0	7	23.46	113.4	15.21	0	0	114	6.598	17240
2.385	0	30	59.89	29.66	0	0	7	23.95	115.8	15.53	0	0	116.5	7.948	17230
2.396	0	30	71.46	34.25	0	0	7	30.86	116.5	16.37	0	0	122.8	9.322	21800
2.406	0	30	80.01	37.94	0	0	7	37.61	119.4	17.44	0	0	130.8	10.375	25420
2.417	0	30	94.9	43.4	0	0	7	41.55	135.8	19.71	0	0	147.8	12.142	24780
2.427	0	30	105.8	46.61	0	0	7	51.38	152.9	22.7	0	0	170.3	13.41	26840
2.438	0	30	115.2	49.25	0	0	7	59.83	165.6	25.04	0	0	187.8	14.489	28520
2.448	0	30	120	50	0	0	7	70.93	179.1	27.78	0	0	208.4	15.038	30710
2.458	0	30	119	49.25	0	0	7	79.07	197.3	30.71	0	0	230.3	14.98	31000
2.469	0	30	112.1	45.74	0	0	7	86.77	216.4	33.69	0	0	252.7	14.21	31010
2.479	0	30	102.5	40.86	0	0	7	92.68	234	36.29	0	0	272.2	13.08	30710
2.49	0	30	94.81	39.03	0	0	7	87.82	258.5	38.48	0	0	288.6	12.359	27090
2.5	0	30	88.38	36.85	0	0	7	87.88	273.9	40.2	0	0	301.5	11.695	25810
2.51	0	30	81.29	34.25	0	0	7	88.66	276.4	40.57	0	0	304.3	10.899	25810
2.521	0	30	75.77	32.16	0	0	7	85.23	279	40.47	0	0	303.5	10.262	24750
2.531	0	30	70.37	30.78	0	0	7	84.59	277.8	40.27	0	0	302	9.691	24680
2.542	0	30	68.28	29.8	0	0	7	74.79	283.1	39.76	0	0	298.2	9.418	21750
2.552	0	30	67.03	29.24	0	0	7	86.22	270.4	39.62	0	0	297.2	9.264	25680
2.563	0	30	66.77	28.52	0	0	7	81.77	263.8	38.39	0	0	287.9	9.143	25060
2.573	0	30	67.08	27.96	0	0	7	78.64	272.4	39	0	0	292.5	9.142	23550
2.583	0	30	68.09	28.13	0	0	7	76.38	275.8	39.13	0	0	293.5	9.244	22690
2.594	0	30	68.72	27.55	0	0	7	67.64	280.2	38.65	0	0	289.9	9.234	20000
2.604	0	30	68.31	27.46	0	0	7	61.56	280.4	38	0	0	285	9.172	18270
2.615	0	30	65.17	26.46	0	0	7	76.21	252.3	36.5	0	0	273.7	8.779	24510
2.625	0	30	61.65	26.18	0	0	7	66.56	244.4	34.55	0	0	259.1	8.401	22350
2.635	0	30	59.76	26.29	0	0	7	64.3	256	35.59	0	0	266.9	8.286	20760
2.646	0	30	58.95	26.79	0	0	7	66.78	251.8	35.39	0	0	265.5	8.254	21820
2.656	0	30	59.39	27.29	0	0	7	54.87	256.9	34.65	0	0	259.8	8.309	17790
2.667	0	30	60.21	27.12	0	0	7	52.7	257.6	34.48	0	0	258.6	8.358	17050
2.677	0	30	62.43	27.42	0	0	7	54.39	241.1	32.83	0	0	246.2	8.516	18760
2.688	0	30	65.87	28.33	0	0	7	51.53	229	31.17	0	0	233.8	8.827	18710
2.698	0	30	65.62	28.28	0	0	7	51.38	223.1	30.5	0	0	228.8	8.78	19130
2.708	0	30	64	27.71	0	0	7	49	219.9	29.88	0	0	224.1	8.579	18540
2.719	0	30	59.54	26.69	0	0	7	47.53	219.5	29.67	0	0	222.5	8.115	18030
2.729	0	30	58.34	26.57	0	0	7	46.26	216.8	29.23	0	0	219.2	7.992	17770
2.74	0	30	57.34	26.62	0	0	7	46.09	212.1	28.68	0	0	215.1	7.895	18090
2.75	0	30	58.69	27.46	0	0	7	45.19	206.6	27.98	0	0	209.8	8.056	18210
2.76	0	30	60.47	28.33	0	0	7	44.76	204.6	27.7	0	0	207.8	8.268	18210
2.771	0	30	63.25	29.27	0	0	7	44.38	203	27.49	0	0	206.2	8.571	18190
2.781	0	30	62.37	30.63	0	0	7	52.75	192.9	27.29	0	0	204.7	8.605	22440
2.792	0	30	62.22	30.59	0	0	7	51.2	192.9	27.12	0	0	203.4	8.583	21840
2.802	0	30	62.01	28.16	0	0	7	52.68	203	28.41	0	0	213.1	8.405	21390
2.813	0	30	66.41	29.8	0	0	7	55	207.4	29.15	0	0	218.6	8.931	21820
2.823	0	30	67.19	29.82	0	0	7	48.26	218.2	29.61	0	0	222	9.012	18400
2.833	0	30	68.47	30.3	0	0	7	53.02	218.4	30.16	0	0	226.2	9.176	20100
2.844	0	30	71.89	32.13	0	0	7	59.01	206	29.44	0	0	220.8	9.591	23390
2.854	0	30	75.64	33.77	0	0	7	55.83	210.2	29.56	0	0	221.7	10.044	21850
2.865	0	30	77.44	34.3	0	0	7	58.76	218.3	30.78	0	0	230.8	10.276	22120
2.875	0	30	80.08	35.64	0	0	7	57.2	223.1	31.15	0	0	233.6	10.619	21150
2.885	0	30	82.6	36.06	0	0	7	51.9	232.3	31.57	0	0	236.8	10.878	18580
2.896	0	30	83.84	35.93	0	0	7	67.95	216.4	31.59	0	0	236.9	10.97	25350
2.906	0	30	84.22	35.45	0	0	7	61.49	215.1	30.74	0	0	230.5	10.935	23340
2.917	0	30	83.38	35.7	0	0	7	62.7	230	32.52	0	0	243.9	10.942	22370
2.927	0	30	82	35.63	0	0	7	62.18	235.6	33.09	0	0	248.1	10.838	21730
2.938	0	30	80.14	35.38	0	0	7	50.88	248.2	33.23	0	0	249.2	10.668	17080
2.948	0	30	77.75	34.94	0	0	7	70.38	228.1	33.16	0	0	248.7	10.43	24970
2.958	0	30	75.62	34.14	0	0	7	61.07	222.2	31.47	0	0	236.1	10.133	22540
2.969	0	30	71.87	32.7	0	0	7	66.22	231.6	33.1	0	0	248.2	9.752	23340
2.979	0	30	69.46	31.47	0	0	7	62.66	237.3	33.33	0	0	249.9	9.454	21740
2.99	0	30	67.5	30.68	0	0	7	57.74	246.7	33.82	0	0	253.7	9.241	19430
3	0	30	63.63	30.25	0	0	7	53.61	249.1	33.64	0	0	252.3	8.877	17920
3.01	0	30	61.67	30.21	0	0	7	52.71	241.6	32.71	0	0	245.3	8.682	18160
3.021	0	30	61.72	31.05	0	0	7	51.72	231.7	31.5	0	0	236.2	8.717	18560
3.031	0	30	62.16	31.67	0	0	7	59.92	216.1	30.67	0	0	230	8.78	22710
3.042	0	30	64.58	33.16	0	0	7	55.85	215.5	30.15	0	0	226.1	9.089	21370
3.052	0	30	67.85	35.12	0	0	7	60.59	219.8	31.16	0	0	233.7	9.557	22600
3.063	0	30	72.14	37.87	0	0	7	60.64	221.6	31.35	0	0	235.2	10.149	22450
3.073	0	30	72.47	37.87	0	0	7	43.56	244	31.95	0	0	239.6	10.196	14850
3.083	0	30	69.76	36.85	0	0	7	44.55	246.5	32.34	0	0	242.6	9.898	15030
3.094	0	30	67.5	36.47	0	0	7	41.33	228.4	29.97	0	0	224.7	9.603	15060
3.104	0	30	62.84	34.39	0	0	7	37.91	217.2	28.35	0	0	212.6	8.99	14500
3.115	0	30	62.24	34.68	0	0	7	35.35	208.6	27.1	0	0	203.3	8.926	14060
3.125	0	30	53.74	32.07	0	0	7	30.44	202.6	25.89	0	0	194.2	7.962	12350
3.135	0	30	54.45	29.9	0	0	7	29.1	193.6	24.75	0	0	185.6	7.804	12340
3.146	0	30	50.07	27.07	0	0	7	25.81	186.2	23.56	0	0	176.7	7.166	11270
3.156	0	30	46.35	24.7	0	0	7	23.89	176.3	22.25	0	0	166.9	6.618	10980
3.167	0	30	44.36	23.39	0	0	7	21.53	165.9	20.83	0	0	156.2	6.298	10450
3.177	0	30	42.58	22.2	0	0	7	19.58	156.6	19.58	0	0	146.8	6.011	10000
3.188	0	30	40	20.32	0	0	7	20	145.3	18.37	0	0	137.7	5.602	11190
3.198	0	30	40.39	20.54	0	0	7	17.74	137.2	17.21	0	0	129.1	5.617	10410
3.208	0	30	40.78	20.72	0	0	7	17.76	131.7	16.61	0	0	124.6	5.645	10920
3.219	0	30	40.47	20.75	0	0	7	17.22	125.1	15.82	0	0	118.6	5.597	11180
3.229	0	30	40.84	20.66	0	0	7	17.18	120.5	15.29	0	0	114.7	5.604	11650
3.24	0	30	40.47	20.61	0	0	7	16.55	117.5	14.9	0	0	111.7	5.557	11480
3.25	0	30	40.51	20.54	0	0	7	16.89	115.2	14.67	0	0	110.1	5.547	12010
3.26	0	30	40.52	20.44	0	0	7	17.04	112.6	14.41	0	0	108.1	5.532	12440
3.271	0	30	40.31	20.4	0	0	7	15.75	113.2	14.33	0	0	107.4	5.508	11320
3.281	0	30	40.12	20.16	0	0	7	15.84	113.4	14.36	0	0	107.7	5.473	11370
3.292	0	30	40.05	20.03	0	0	7	16.14	110.3	14.05	0	0	105.4	5.446	11980
3.302	0	30	40.34	20	0	0	7	16.2	108.2	13.82	0	0	103.7	5.461	12300
3.313	0	30	40.58	20.1	0	0	7	15.28	109	13.81	0	0	103.5	5.489	11420
3.323	0	30	40.89	20.4	0	0	7	15.56	109.3	13.87	0	0	104	5.543	11620
3.333	0	30	41.17	20.82	0	0	7	15.36	107.6	13.67	0	0	102.5	5.594	11660
3.344	0	30	41.86	21.17	0	0	7	15	107.1	13.57	0	0	101.7	5.678	11410
3.354	0	30	42.42	21.61	0	0	7	16.23	105.2	13.49	0	0	101.2	5.759	12700
3.365	0	30	43.95	22.14	0	0	7	15.58	104.6	13.35	0	0	100.1	5.925	12220
3.375	0	30	48.77	24.68	0	0	7	15.73	106.8	13.61	0	0	102.1	6.548	12080
3.385	0	30	59.89	29.66	0	0	7	18.84	104.2	13.67	0	0	102.5	7.89	15040
3.396	0	30	71.46	34.25	0	0	7	26.21	96.95	13.68	0	0	102.6	9.238	22200
3.406	0	30	80.01	37.94	0	0	7	28.69	102.3	14.56	0	0	109.2	10.284	22950
3.417	0	30	94.9	43.4	0	0	7	35.46	120.5	17.33	0	0	130	12.068	23950
3.427	0	30	105.8	46.61	0	0	7	44.11	134.4	19.84	0	0	148.8	13.321	26310
3.438	0	30	115.2	49.25	0	0	7	53.22	147.7	22.33	0	0	167.5	14.404	28450
3.448	0	30	120	50	0	0	7	64.48	163	25.28	0	0	189.6	14.959	30680
3.458	0	30	119	49.25	0	0	7	73.32	183.5	28.54	0	0	214	14.912	30930
3.469	0	30	112.1	45.74	0	0	7	81.98	206.9	32.1	0	0	240.8	14.16	30720
3.479	0	30	102.5	40.86	0	0	7	89.95	226.9	35.2	0	0	264	13.045	30740
3.49	0	30	94.81	39.03	0	0	7	95.89	243.8	37.75	0	0	283.1	12.336	30540
3.5	0	30	88.38	36.85	0	0	7	99.09	259.9	39.89	0	0	299.2	11.685	29790
3.51	0	30	81.29	34.25	0	0	7	91.86	282.5	41.6	0	0	312	10.931	26110
3.521	0	30	75.77	32.16	0	0	7	90.75	293.8	42.73	0	0	320.5	10.333	24980
3.531	0	30	70.37	30.78	0	0	7	87.8	292.8	42.29	0	0	317.2	9.754	24350
3.542	0	30	68.28	29.8	0	0	7	85.34	289.6	41.66	0	0	312.5	9.478	23980
3.552	0	30	67.03	29.24	0	0	7	83.02	286.1	41.01	0	0	307.6	9.307	23660
3.563	0	30	66.77	28.52	0	0	7	76.96	286.6	40.4	0	0	303	9.206	22070
3.573	0	30	67.08	27.96	0	0	7	81.99	276.3	39.81	0	0	298.6	9.167	24130
3.583	0	30	68.09	28.13	0	0	7	77.52	271.2	38.74	0	0	290.6	9.232	23350
3.594	0	30	68.72	27.55	0	0	7	75.33	273.3	38.74	0	0	290.5	9.236	22600
3.604	0	30	68.31	27.46	0	0	7	71.67	273.5	38.36	0	0	287.7	9.183	21580
3.615	0	30	65.17	26.46	0	0	7	69.57	270.3	37.77	0	0	283.3	8.819	21230
3.625	0	30	61.65	26.18	0	0	7	68	264.4	36.93	0	0	277	8.476	21220
3.635	0	30	59.76	26.29	0	0	7	64.97	260.5	36.16	0	0	271.2	8.304	20620
3.646	0	30	58.95	26.79	0	0	7	64.46	255.4	35.54	0	0	266.6	8.258	20850
3.656	0	30	59.39	27.29	0	0	7	61.53	251.8	34.82	0	0	261.1	8.314	20230
3.667	0	30	60.21	27.12	0	0	7	59.78	249.1	34.32	0	0	257.4	8.353	19890
3.677	0	30	62.43	27.42	0	0	7	57.61	245.4	33.66	0	0	252.5	8.542	19490
3.688	0	30	65.87	28.33	0	0	7	54.85	242.3	33.01	0	0	247.6	8.884	18820
3.698	0	30	65.62	28.28	0	0	7	52.8	238.2	32.34	0	0	242.5	8.838	18440
3.708	0	30	64	27.71	0	0	7	50.58	233.3	31.55	0	0	236.6	8.631	18050
3.719	0	30	59.54	26.69	0	0	7	48.93	228.1	30.78	0	0	230.8	8.15	17860
3.729	0	30	58.34	26.57	0	0	7	47.52	222.6	30.02	0	0	225.1	8.016	17780
3.74	0	30	57.34	26.62	0	0	7	48.28	215.8	29.34	0	0	220	7.916	18610
3.75	0	30	58.69	27.46	0	0	7	54.2	204.5	28.75	0	0	215.6	8.08	21810
3.76	0	30	60.47	28.33	0	0	7	52.02	204.8	28.54	0	0	214.1	8.294	20970
3.771	0	30	63.25	29.27	0	0	7	54.96	210	29.44	0	0	220.8	8.632	21560
3.781	0	30	62.37	30.63	0	0	7	53.35	214.6	29.77	0	0	223.3	8.683	20560
3.792	0	30	62.22	30.59	0	0	7	51.37	220.9	30.25	0	0	226.9	8.681	19310
3.802	0	30	62.01	28.16	0	0	7	46.28	226.3	30.28	0	0	227.1	8.463	17040
3.813	0	30	66.41	29.8	0	0	7	47.59	221.6	29.91	0	0	224.3	8.954	17880
3.823	0	30	67.19	29.82	0	0	7	53.47	206.4	28.87	0	0	216.5	8.989	21360
3.833	0	30	68.47	30.3	0	0	7	55.31	200.3	28.4	0	0	213	9.121	22640
3.844	0	30	71.89	32.13	0	0	7	56.7	206.3	29.22	0	0	219.1	9.584	22540
3.854	0	30	75.64	33.77	0	0	7	62.45	209.5	30.22	0	0	226.6	10.065	24230
3.865	0	30	77.44	34.3	0	0	7	56.24	222.2	30.94	0	0	232	10.281	20910
3.875	0	30	80.08	35.64	0	0	7	53.33	235.7	32.12	0	0	240.9	10.65	18810
3.885	0	30	82.6	36.06	0	0	7	57.16	229.7	31.88	0	0	239.1	10.888	20580
3.896	0	30	83.84	35.93	0	0	7	67.55	211.8	31.04	0	0	232.8	10.953	25680
3.906	0	30	84.22	35.45	0	0	7	62.45	217.4	31.1	0	0	233.2	10.947	23440
3.917	0	30	83.38	35.7	0	0	7	65.37	230.9	32.92	0	0	246.9	10.954	23140
3.927	0	30	82	35.63	0	0	7	67.45	233.6	33.45	0	0	250.9	10.85	23550
3.938	0	30	80.14	35.38	0	0	7	61.45	242.9	33.82	0	0	253.6	10.686	20900
3.948	0	30	77.75	34.94	0	0	7	75.56	233.1	34.29	0	0	257.2	10.466	26040
3.958	0	30	75.62	34.14	0	0	7	71.23	232.3	33.72	0	0	252.9	10.204	24830
3.969	0	30	71.87	32.7	0	0	7	72.12	244.9	35.23	0	0	264.2	9.818	23970
3.979	0	30	69.46	31.47	0	0	7	71.67	251.1	35.86	0	0	269	9.534	23310
3.99	0	30	67.5	30.68	0	0	7	70.11	254.6	36.08	0	0	270.6	9.312	22580
4	0	30	63.63	30.25	0	0	7	64.21	260.3	36.06	0	0	270.4	8.953	20410
4.01	0	30	61.67	30.21	0	0	7	63.76	258.5	35.81	0	0	268.6	8.779	20410
4.021	0	30	61.72	31.05	0	0	7	50.75	226.7	30.83	0	0	231.2	8.696	18620
4.031	0	30	62.16	31.67	0	0	7	49.25	223.2	30.27	0	0	227	8.768	18360
4.042	0	30	64.58	33.16	0	0	7	47.64	219.8	29.72	0	0	222.9	9.076	18040
4.052	0	30	67.85	35.12	0	0	7	45.3	216.2	29.06	0	0	217.9	9.491	17450
4.063	0	30	72.14	37.87	0	0	7	45.33	221.8	29.68	0	0	222.6	10.097	17030
4.073	0	30	72.47	37.87	0	0	7	42.5	214.9	28.6	0	0	214.5	10.091	16480
4.083	0	30	69.76	36.85	0	0	7	39.5	208.5	27.56	0	0	206.7	9.748	15780
4.094	0	30	67.5	36.47	0	0	7	38.55	202.4	26.78	0	0	200.8	9.503	15860
4.104	0	30	62.84	34.39	0	0	7	37.06	197.4	26.05	0	0	195.4	8.918	15640
4.115	0	30	62.24	34.68	0	0	7	32.89	191.6	24.95	0	0	187.1	8.858	14250
4.125	0	30	53.74	32.07	0	0	7	29.46	183.9	23.71	0	0	177.8	7.893	13230
4.135	0	30	54.45	29.9	0	0	7	26.68	175.4	22.45	0	0	168.4	7.732	12510
4.146	0	30	50.07	27.07	0	0	7	24.33	166.8	21.24	0	0	159.3	7.093	11950
4.156	0	30	46.35	24.7	0	0	7	22.1	158.2	20.04	0	0	150.3	6.549	11370
4.167	0	30	44.36	23.39	0	0	7	22.08	151.1	19.24	0	0	144.3	6.248	11970
4.177	0	30	42.58	22.2	0	0	7	20.41	145	18.38	0	0	137.9	5.974	11470
4.188	0	30	40	20.32	0	0	7	20.1	139.6	17.75	0	0	133.1	5.582	11770
4.198	0	30	40.39	20.54	0	0	7	21.43	136.7	17.57	0	0	131.7	5.628	12930
4.208	0	30	40.78	20.72	0	0	7	19.94	134.2	17.12	0	0	128.4	5.661	12200
4.219	0	30	40.47	20.75	0	0	7	20.98	132.3	17.03	0	0	127.7	5.635	13090
4.229	0	30	40.84	20.66	0	0	7	21.38	131.8	17.03	0	0	127.7	5.658	13410
4.24	0	30	40.47	20.61	0	0	7	21.33	131.6	17	0	0	127.5	5.622	13400
4.25	0	30	40.51	20.54	0	0	7	19.4	130	16.6	0	0	124.5	5.607	12250
4.26	0	30	40.52	20.44	0	0	7	19.07	127.6	16.29	0	0	122.2	5.591	12280
4.271	0	30	40.31	20.4	0	0	7	17.83	124.8	15.85	0	0	118.9	5.556	11670
4.281	0	30	40.12	20.16	0	0	7	17.77	122.3	15.56	0	0	116.7	5.511	11900
4.292	0	30	40.05	20.03	0	0	7	17.2	120.1	15.25	0	0	114.4	5.484	11710
4.302	0	30	40.34	20	0	0	7	17.11	118.2	15.03	0	0	112.7	5.499	11840
4.313	0	30	40.58	20.1	0	0	7	17.4	117.1	14.95	0	0	112.1	5.525	12190
4.323	0	30	40.89	20.4	0	0	7	18.01	117.1	15.01	0	0	112.6	5.578	12670
4.333	0	30	41.17	20.82	0	0	7	18.02	117.3	15.04	0	0	112.8	5.637	12650
4.344	0	30	41.86	21.17	0	0	7	17.76	117.2	15	0	0	112.5	5.723	12460
4.354	0	30	42.42	21.61	0	0	7	18.88	118	15.21	0	0	114.1	5.813	13220
4.365	0	30	43.95	22.14	0	0	7	19.88	119.9	15.53	0	0	116.5	5.993	13730
4.375	0	30	48.77	24.68	0	0	7	24.76	122.6	16.37	0	0	122.8	6.634	16830
4.385	0	30	59.89	29.66	0	0	7	26.38	130.6	17.44	0	0	130.8	8.008	16830
4.396	0	30	71.46	34.25	0	0	7	36.2	141.2	19.71	0	0	147.9	9.427	21150
4.406	0	30	80.01	37.94	0	0	7	47.5	156.9	22.71	0	0	170.3	10.54	24560
4.417	0	30	94.9	43.4	0	0	7	51.26	174.2	25.05	0	0	187.9	12.31	23950
4.427	0	30	105.8	46.61	0	0	7	60.94	189.2	27.79	0	0	208.4	13.57	25900
4.438	0	30	115.2	49.25	0	0	7	71	205.4	30.72	0	0	230.4	14.667	27490
4.448	0	30	120	50	0	0	7	83.12	220.2	33.7	0	0	252.7	15.223	29550
4.458	0	30	119	49.25	0	0	7	90.3	236.5	36.31	0	0	272.3	15.156	29830
4.469	0	30	112.1	45.74	0	0	7	95.77	250.7	38.5	0	0	288.7	14.36	29840
4.479	0	30	102.5	40.86	0	0	7	99.21	262.7	40.22	0	0	301.6	13.203	29560
4.49	0	30	94.81	39.03	0	0	7	89.71	275.5	40.58	0	0	304.4	12.425	26140
4.5	0	30	88.38	36.85	0	0	7	85.82	278.5	40.49	0	0	303.6	11.704	24930
4.51	0	30	81.29	34.25	0	0	7	85.38	277.2	40.28	0	0	302.1	10.89	24930
4.521	0	30	75.77	32.16	0	0	7	81.32	276.7	39.78	0	0	298.3	10.24	23920
4.531	0	30	70.37	30.78	0	0	7	80.83	275.9	39.64	0	0	297.3	9.671	23860
4.542	0	30	68.28	29.8	0	0	7	70.35	275.3	38.41	0	0	288.1	9.376	21090
4.552	0	30	67.03	29.24	0	0	7	82.33	268.8	39.01	0	0	292.6	9.245	24800
4.563	0	30	66.77	28.52	0	0	7	80.89	271.4	39.14	0	0	293.6	9.167	24220
4.573	0	30	67.08	27.96	0	0	7	75.76	272.2	38.66	0	0	290	9.131	22790
4.583	0	30	68.09	28.13	0	0	7	72.17	269.9	38.01	0	0	285.1	9.209	21980
4.594	0	30	68.72	27.55	0	0	7	62.36	266.2	36.51	0	0	273.8	9.167	19440
4.604	0	30	68.31	27.46	0	0	7	54.79	256.3	34.56	0	0	259.2	9.064	17810
4.615	0	30	65.17	26.46	0	0	7	72.18	248.3	35.61	0	0	267	8.751	23700
4.625	0	30	61.65	26.18	0	0	7	66.38	252.3	35.41	0	0	265.5	8.428	21660
4.635	0	30	59.76	26.29	0	0	7	61.05	250.9	34.66	0	0	259.9	8.257	20150
4.646	0	30	58.95	26.79	0	0	7	63.36	247	34.49	0	0	258.7	8.225	21160
4.656	0	30	59.39	27.29	0	0	7	50.94	244.6	32.84	0	0	246.3	8.252	17350
4.667	0	30	60.21	27.12	0	0	7	46.74	233.9	31.18	0	0	233.9	8.255	16650
4.677	0	30	62.43	27.42	0	0	7	49.42	225.2	30.51	0	0	228.8	8.443	18260
4.688	0	30	65.87	28.33	0	0	7	48.31	220.7	29.89	0	0	224.1	8.786	18220
4.698	0	30	65.62	28.28	0	0	7	48.84	218.2	29.68	0	0	222.6	8.754	18610
4.708	0	30	64	27.71	0	0	7	46.9	216.2	29.24	0	0	219.3	8.559	18060
4.719	0	30	59.54	26.69	0	0	7	45	213.2	28.69	0	0	215.2	8.085	17580
4.729	0	30	58.34	26.57	0	0	7	43.38	208.5	27.99	0	0	209.9	7.953	17340
4.74	0	30	57.34	26.62	0	0	7	43.59	205.8	27.71	0	0	207.8	7.865	17640
4.75	0	30	58.69	27.46	0	0	7	43.47	204	27.5	0	0	206.2	8.041	17740
4.76	0	30	60.47	28.33	0	0	7	43.17	202.5	27.3	0	0	204.8	8.256	17750
4.771	0	30	63.25	29.27	0	0	7	42.86	201.3	27.13	0	0	203.4	8.56	17730
4.781	0	30	62.37	30.63	0	0	7	53.43	202.3	28.42	0	0	213.1	8.64	21740
4.792	0	30	62.22	30.59	0	0	7	53.6	208.8	29.16	0	0	218.7	8.647	21180
4.802	0	30	62.01	28.16	0	0	7	53.49	213	29.61	0	0	222.1	8.442	20750
4.813	0	30	66.41	29.8	0	0	7	55.42	216.1	30.17	0	0	226.3	8.962	21160
4.823	0	30	67.19	29.82	0	0	7	46.96	218.1	29.45	0	0	220.9	9.007	17930
4.833	0	30	68.47	30.3	0	0	7	50.71	215.4	29.57	0	0	221.8	9.157	19540
4.844	0	30	71.89	32.13	0	0	7	59.97	217.1	30.79	0	0	230.9	9.633	22640
4.854	0	30	75.64	33.77	0	0	7	57.29	223.1	31.16	0	0	233.7	10.094	21180
4.865	0	30	77.44	34.3	0	0	7	58.67	225.6	31.58	0	0	236.9	10.302	21440
4.875	0	30	80.08	35.64	0	0	7	56.54	227.9	31.6	0	0	237	10.634	20520
4.885	0	30	82.6	36.06	0	0	7	49.42	227.3	30.75	0	0	230.6	10.852	18100
4.896	0	30	83.84	35.93	0	0	7	67.86	224.9	32.53	0	0	244	11	24480
4.906	0	30	84.22	35.45	0	0	7	64.35	233.5	33.1	0	0	248.2	11.01	22590
4.917	0	30	83.38	35.7	0	0	7	62.34	236.8	33.24	0	0	249.3	10.964	21670
4.927	0	30	82	35.63	0	0	7	60.69	237.8	33.17	0	0	248.8	10.841	21060
4.938	0	30	80.14	35.38	0	0	7	47.26	236.1	31.48	0	0	236.1	10.613	16680
4.948	0	30	77.75	34.94	0	0	7	68.17	229.8	33.11	0	0	248.3	10.429	24120
4.958	0	30	75.62	34.14	0	0	7	62.92	237.1	33.34	0	0	250	10.192	21830
4.969	0	30	71.87	32.7	0	0	7	65.78	238.7	33.84	0	0	253.8	9.775	22590
4.979	0	30	69.46	31.47	0	0	7	61.6	241.2	33.65	0	0	252.4	9.464	21070
4.99	0	30	67.5	30.68	0	0	7	54.54	239.9	32.72	0	0	245.4	9.207	18900
5	0	30	63.63	30.25	0	0	7	37.29	182.9	24.46	0	0	183.5	8.59	16990
5.01	0	30	61.67	30.21	0	0	7	36.58	179.4	24	0	0	180	8.409	16990
5.021	0	30	61.72	31.05	0	0	7	34.3	179	23.7	0	0	177.8	8.473	15960
5.031	0	30	62.16	31.67	0	0	7	34.85	183.7	24.28	0	0	182.1	8.58	15810
5.042	0	30	64.58	33.16	0	0	7	34.66	184.9	24.4	0	0	183	8.909	15610
5.052	0	30	67.85	35.12	0	0	7	34.47	188.2	24.74	0	0	185.5	9.355	15250
5.063	0	30	72.14	37.87	0	0	7	34.31	190.4	24.97	0	0	187.2	9.949	14990
5.073	0	30	72.47	37.87	0	0	7	31.84	180.7	23.61	0	0	177.1	9.934	14650
5.083	0	30	69.76	36.85	0	0	7	29.86	174.4	22.69	0	0	170.2	9.595	14210
5.094	0	30	67.5	36.47	0	0	7	29.02	168.8	21.98	0	0	164.9	9.353	14270
5.104	0	30	62.84	34.39	0	0	7	27.88	163.8	21.29	0	0	159.7	8.769	14130
5.115	0	30	62.24	34.68	0	0	7	25.7	160.1	20.64	0	0	154.8	8.723	13260
5.125	0	30	53.74	32.07	0	0	7	23.91	155.7	19.96	0	0	149.7	7.776	12640
5.135	0	30	54.45	29.9	0	0	7	22.37	150.6	19.22	0	0	144.1	7.631	12190
5.146	0	30	50.07	27.07	0	0	7	20.94	144.7	18.41	0	0	138	7.005	11840
5.156	0	30	46.35	24.7	0	0	7	19.66	139.6	17.69	0	0	132.7	6.476	11480
5.167	0	30	44.36	23.39	0	0	7	19.36	133.6	17	0	0	127.5	6.178	11850
5.177	0	30	42.58	22.2	0	0	7	18.23	128.8	16.34	0	0	122.5	5.91	11540
5.188	0	30	40	20.32	0	0	7	18.07	125.9	16	0	0	120	5.528	11730
5.198	0	30	40.39	20.54	0	0	7	18.4	121.5	15.54	0	0	116.6	5.564	12450
5.208	0	30	40.78	20.72	0	0	7	17.52	119.7	15.24	0	0	114.3	5.602	11990
5.219	0	30	40.47	20.75	0	0	7	17.89	117.3	15.02	0	0	112.6	5.572	12550
5.229	0	30	40.84	20.66	0	0	7	17.97	116	14.89	0	0	111.7	5.591	12760
5.24	0	30	40.47	20.61	0	0	7	17.77	114.9	14.74	0	0	110.5	5.552	12750
5.25	0	30	40.51	20.54	0	0	7	16.93	115.3	14.69	0	0	110.2	5.547	12030
5.26	0	30	40.52	20.44	0	0	7	16.97	115.4	14.71	0	0	110.3	5.541	12050
5.271	0	30	40.31	20.4	0	0	7	16.35	114.4	14.53	0	0	109	5.515	11670
5.281	0	30	40.12	20.16	0	0	7	16.36	113.3	14.4	0	0	108	5.474	11810
5.292	0	30	40.05	20.03	0	0	7	16.22	113.3	14.39	0	0	107.9	5.457	11690
5.302	0	30	40.34	20	0	0	7	16.36	113.5	14.43	0	0	108.2	5.481	11780
5.313	0	30	40.58	20.1	0	0	7	16.45	112.4	14.31	0	0	107.3	5.505	11990
5.323	0	30	40.89	20.4	0	0	7	16.71	111.6	14.25	0	0	106.9	5.555	12290
5.333	0	30	41.17	20.82	0	0	7	16.64	111.3	14.21	0	0	106.6	5.611	12280
5.344	0	30	41.86	21.17	0	0	7	16.42	110.8	14.13	0	0	106	5.695	12160
5.354	0	30	42.42	21.61	0	0	7	17.11	111.4	14.28	0	0	107.1	5.784	12640
5.365	0	30	43.95	22.14	0	0	7	17.5	111.3	14.32	0	0	107.4	5.955	12960
5.375	0	30	48.77	24.68	0	0	7	19.59	109.3	14.32	0	0	107.4	6.57	14900
5.385	0	30	59.89	29.66	0	0	7	20.28	113.1	14.82	0	0	111.2	7.926	14900
5.396	0	30	71.46	34.25	0	0	7	25.79	122	16.42	0	0	123.2	9.324	17610
5.406	0	30	80.01	37.94	0	0	7	30.93	129.9	17.87	0	0	134	10.388	19750
5.417	0	30	94.9	43.4	0	0	7	32.87	140.8	19.3	0	0	144.8	12.129	19370
5.427	0	30	105.8	46.61	0	0	7	37.69	151.3	21	0	0	157.5	13.357	20600
5.438	0	30	115.2	49.25	0	0	7	42.78	163.2	22.88	0	0	171.6	14.422	21590
5.448	0	30	120	50	0	0	7	49.05	175.4	24.94	0	0	187	14.949	22890
5.458	0	30	119	49.25	0	0	7	52.93	187.6	26.73	0	0	200.5	14.856	23070
5.469	0	30	112.1	45.74	0	0	7	55.86	197.9	28.2	0	0	211.5	14.038	23080
5.479	0	30	102.5	40.86	0	0	7	57.94	207	29.44	0	0	220.8	12.865	22910
5.49	0	30	94.81	39.03	0	0	7	54.99	218.9	30.43	0	0	228.2	12.107	20760
5.5	0	30	88.38	36.85	0	0	7	54.42	225.4	31.09	0	0	233.2	11.41	20010
5.51	0	30	81.29	34.25	0	0	7	53.98	223.6	30.84	0	0	231.3	10.594	20010
5.521	0	30	75.77	32.16	0	0	7	51.93	222.4	30.48	0	0	228.6	9.949	19380
5.531	0	30	70.37	30.78	0	0	7	51.2	219.8	30.11	0	0	225.8	9.373	19340
5.542	0	30	68.28	29.8	0	0	7	46.73	221.1	29.76	0	0	223.2	9.105	17600
5.552	0	30	67.03	29.24	0	0	7	51.36	213.5	29.43	0	0	220.7	8.945	19940
5.563	0	30	66.77	28.52	0	0	7	49.51	209.8	28.81	0	0	216.1	8.843	19580
5.573	0	30	67.08	27.96	0	0	7	47.57	211.8	28.81	0	0	216.1	8.823	18680
5.583	0	30	68.09	28.13	0	0	7	46.13	211.3	28.6	0	0	214.5	8.914	18170
5.594	0	30	68.72	27.55	0	0	7	42.2	212.2	28.26	0	0	212	8.908	16570
5.604	0	30	68.31	27.46	0	0	7	39.34	210.7	27.78	0	0	208.4	8.852	15550
5.615	0	30	65.17	26.46	0	0	7	46.32	199.7	27.34	0	0	205	8.492	19260
5.625	0	30	61.65	26.18	0	0	7	43.14	199.7	26.99	0	0	202.4	8.164	17980
5.635	0	30	59.76	26.29	0	0	7	40.58	198.5	26.57	0	0	199.3	8.003	17030
5.646	0	30	58.95	26.79	0	0	7	41.4	195.1	26.28	0	0	197.1	7.968	17670
5.656	0	30	59.39	27.29	0	0	7	36.14	197	25.91	0	0	194.3	8.035	15260
5.667	0	30	60.21	27.12	0	0	7	34.77	195	25.53	0	0	191.5	8.078	14830
5.677	0	30	62.43	27.42	0	0	7	36.17	190.1	25.14	0	0	188.6	8.275	15850
5.688	0	30	65.87	28.33	0	0	7	35.46	186.7	24.69	0	0	185.2	8.624	15820
5.698	0	30	65.62	28.28	0	0	7	35.28	182.9	24.25	0	0	181.8	8.584	16070
5.708	0	30	64	27.71	0	0	7	34.02	180.3	23.81	0	0	178.6	8.388	15720
5.719	0	30	59.54	26.69	0	0	7	32.93	177.8	23.42	0	0	175.6	7.919	15420
5.729	0	30	58.34	26.57	0	0	7	32.19	175.5	23.07	0	0	173	7.799	15270
5.74	0	30	57.34	26.62	0	0	7	32.36	174.3	22.96	0	0	172.2	7.716	15460
5.75	0	30	58.69	27.46	0	0	7	33.22	178.1	23.48	0	0	176.1	7.915	15530
5.76	0	30	60.47	28.33	0	0	7	33.5	179.6	23.68	0	0	177.6	8.142	15530
5.771	0	30	63.25	29.27	0	0	7	33.88	181.7	23.96	0	0	179.7	8.46	15520
5.781	0	30	62.37	30.63	0	0	7	38.48	177.3	23.98	0	0	179.9	8.501	18060
5.792	0	30	62.22	30.59	0	0	7	37.51	176.4	23.77	0	0	178.3	8.478	17710
5.802	0	30	62.01	28.16	0	0	7	36.09	172.4	23.16	0	0	173.7	8.24	17440
5.813	0	30	66.41	29.8	0	0	7	36.11	169.9	22.89	0	0	171.7	8.734	17700
5.823	0	30	67.19	29.82	0	0	7	33.29	177.1	23.37	0	0	175.3	8.816	15660
5.833	0	30	68.47	30.3	0	0	7	35.95	179.6	23.96	0	0	179.7	8.982	16680
5.844	0	30	71.89	32.13	0	0	7	40.19	179.2	24.38	0	0	182.8	9.432	18650
5.854	0	30	75.64	33.77	0	0	7	39.59	186	25.07	0	0	188	9.903	17730
5.865	0	30	77.44	34.3	0	0	7	39.68	184.7	24.93	0	0	187	10.093	17890
5.875	0	30	80.08	35.64	0	0	7	37.85	182.2	24.45	0	0	183.4	10.409	17310
5.885	0	30	82.6	36.06	0	0	7	35.08	185.3	24.48	0	0	183.6	10.656	15770
5.896	0	30	83.84	35.93	0	0	7	44.39	185.6	25.55	0	0	191.6	10.781	19830
5.906	0	30	84.22	35.45	0	0	7	42.61	190.2	25.87	0	0	194	10.783	18630
5.917	0	30	83.38	35.7	0	0	7	41.83	192.9	26.08	0	0	195.6	10.74	18050
5.927	0	30	82	35.63	0	0	7	41.52	195.7	26.36	0	0	197.7	10.628	17670
5.938	0	30	80.14	35.38	0	0	7	35.56	198.7	26.03	0	0	195.2	10.442	14880
5.948	0	30	77.75	34.94	0	0	7	46.33	195.9	26.91	0	0	201.9	10.235	19620
5.958	0	30	75.62	34.14	0	0	7	43.99	201.6	27.29	0	0	204.7	10.002	18160
5.969	0	30	71.87	32.7	0	0	7	45.2	201.6	27.42	0	0	205.7	9.574	18650
5.979	0	30	69.46	31.47	0	0	7	43.21	203.5	27.41	0	0	205.6	9.269	17680
5.99	0	30	67.5	30.68	0	0	7	40.15	205.3	27.27	0	0	204.5	9.036	16300
6	0	30	63.63	30.25	0	0	7	37.5	202.9	26.71	0	0	200.3	8.66	15390
6.01	0	30	61.67	30.21	0	0	7	37.23	199.5	26.31	0	0	197.3	8.481	15530
6.021	0	30	61.72	31.05	0	0	7	33.98	179.3	23.7	0	0	177.8	8.473	15780
6.031	0	30	62.16	31.67	0	0	7	39.36	179.2	24.28	0	0	182.1	8.58	18280
6.042	0	30	64.58	33.16	0	0	7	38.07	181.5	24.4	0	0	183	8.909	17470
6.052	0	30	67.85	35.12	0	0	7	39.98	182.6	24.74	0	0	185.5	9.355	18220
6.063	0	30	72.14	37.87	0	0	7	40.19	184.5	24.97	0	0	187.2	9.949	18130
6.073	0	30	72.47	37.87	0	0	7	29.9	182.6	23.61	0	0	177.1	9.934	13550
6.083	0	30	69.76	36.85	0	0	7	28.92	175.3	22.69	0	0	170.2	9.595	13660
6.094	0	30	67.5	36.47	0	0	7	28.04	169.8	21.98	0	0	164.9	9.353	13680
6.104	0	30	62.84	34.39	0	0	7	26.63	165	21.29	0	0	159.7	8.769	13340
6.115	0	30	62.24	34.68	0	0	7	25.4	160.4	20.64	0	0	154.8	8.723	13080
6.125	0	30	53.74	32.07	0	0	7	23.02	156.6	19.96	0	0	149.7	7.776	12040
6.135	0	30	54.45	29.9	0	0	7	22.16	150.8	19.22	0	0	144.1	7.631	12040
6.146	0	30	50.07	27.07	0	0	7	20.33	145.3	18.41	0	0	138	7.005	11400
6.156	0	30	46.35	24.7	0	0	7	19.31	139.9	17.69	0	0	132.7	6.476	11220
6.167	0	30	44.36	23.39	0	0	7	18.14	134.8	17	0	0	127.5	6.178	10900
6.177	0	30	42.58	22.2	0	0	7	17.11	129.9	16.34	0	0	122.5	5.91	10630
6.188	0	30	40	20.32	0	0	7	17.61	126.4	16	0	0	120	5.528	11350
6.198	0	30	40.39	20.54	0	0	7	16.57	123.3	15.54	0	0	116.6	5.564	10880
6.208	0	30	40.78	20.72	0	0	7	16.6	120.6	15.24	0	0	114.3	5.602	11190
6.219	0	30	40.47	20.75	0	0	7	16.53	118.6	15.02	0	0	112.6	5.572	11340
6.229	0	30	40.84	20.66	0	0	7	16.7	117.3	14.89	0	0	111.7	5.591	11620
6.24	0	30	40.47	20.61	0	0	7	16.42	116.2	14.74	0	0	110.5	5.552	11520
6.25	0	30	40.51	20.54	0	0	7	16.72	115.5	14.69	0	0	110.2	5.547	11840
6.26	0	30	40.52	20.44	0	0	7	17.03	115.4	14.71	0	0	110.3	5.541	12110
6.271	0	30	40.31	20.4	0	0	7	16.09	114.7	14.53	0	0	109	5.515	11430
6.281	0	30	40.12	20.16	0	0	7	15.98	113.6	14.4	0	0	108	5.474	11460
6.292	0	30	40.05	20.03	0	0	7	16.36	113.2	14.39	0	0	107.9	5.457	11830
6.302	0	30	40.34	20	0	0	7	16.62	113.3	14.43	0	0	108.2	5.481	12020
6.313	0	30	40.58	20.1	0	0	7	15.91	112.9	14.31	0	0	107.3	5.505	11490
6.323	0	30	40.89	20.4	0	0	7	15.98	112.3	14.25	0	0	106.9	5.555	11610
6.333	0	30	41.17	20.82	0	0	7	15.95	111.9	14.21	0	0	106.6	5.611	11630
6.344	0	30	41.86	21.17	0	0	7	15.7	111.5	14.13	0	0	106	5.695	11480
6.354	0	30	42.42	21.61	0	0	7	16.71	111.8	14.28	0	0	107.1	5.784	12270
6.365	0	30	43.95	22.14	0	0	7	16.44	112.4	14.32	0	0	107.4	5.955	11980
6.375	0	30	48.77	24.68	0	0	7	16.35	112.6	14.32	0	0	107.4	6.57	11890
6.385	0	30	59.89	29.66	0	0	7	18.93	114.5	14.82	0	0	111.2	7.926	13690
6.396	0	30	71.46	34.25	0	0	7	26.34	121.5	16.42	0	0	123.2	9.324	18050
6.406	0	30	80.01	37.94	0	0	7	29.26	131.5	17.87	0	0	134	10.388	18510
6.417	0	30	94.9	43.4	0	0	7	32.5	141.2	19.3	0	0	144.8	12.129	19120
6.427	0	30	105.8	46.61	0	0	7	37.63	151.4	21	0	0	157.5	13.357	20560
6.438	0	30	115.2	49.25	0	0	7	43.24	162.7	22.88	0	0	171.6	14.422	21860
6.448	0	30	120	50	0	0	7	49.68	174.8	24.94	0	0	187	14.949	23230
6.458	0	30	119	49.25	0	0	7	53.55	187	26.73	0	0	200.5	14.856	23380
6.469	0	30	112.1	45.74	0	0	7	56.24	197.6	28.2	0	0	211.5	14.038	23260
6.479	0	30	102.5	40.86	0	0	7	58.75	206.2	29.44	0	0	220.8	12.865	23270
6.49	0	30	94.81	39.03	0	0	7	60.46	213.4	30.43	0	0	228.2	12.107	23160
6.5	0	30	88.38	36.85	0	0	7	60.71	219.1	31.09	0	0	233.2	11.41	22700
6.51	0	30	81.29	34.25	0	0	7	55.04	222.5	30.84	0	0	231.3	10.594	20460
6.521	0	30	75.77	32.16	0	0	7	52.83	221.5	30.48	0	0	228.6	9.949	19770
6.531	0	30	70.37	30.78	0	0	7	51.32	219.7	30.11	0	0	225.8	9.373	19390
6.542	0	30	68.28	29.8	0	0	7	50.22	217.6	29.76	0	0	223.2	9.105	19170
6.552	0	30	67.03	29.24	0	0	7	49.23	215.6	29.43	0	0	220.7	8.945	18970
6.563	0	30	66.77	28.52	0	0	7	46.11	213.2	28.81	0	0	216.1	8.843	18000
6.573	0	30	67.08	27.96	0	0	7	48.84	210.5	28.81	0	0	216.1	8.823	19260
6.583	0	30	68.09	28.13	0	0	7	47.45	209.9	28.6	0	0	214.5	8.914	18790
6.594	0	30	68.72	27.55	0	0	7	45.92	208.4	28.26	0	0	212	8.908	18330
6.604	0	30	68.31	27.46	0	0	7	43.85	206.2	27.78	0	0	208.4	8.852	17710
6.615	0	30	65.17	26.46	0	0	7	42.72	203.3	27.34	0	0	205	8.492	17500
6.625	0	30	61.65	26.18	0	0	7	42.16	200.7	26.99	0	0	202.4	8.164	17500
6.635	0	30	59.76	26.29	0	0	7	40.78	198.3	26.57	0	0	199.3	8.003	17130
6.646	0	30	58.95	26.79	0	0	7	40.62	195.9	26.28	0	0	197.1	7.968	17270
6.656	0	30	59.39	27.29	0	0	7	39.31	193.8	25.91	0	0	194.3	8.035	16900
6.667	0	30	60.21	27.12	0	0	7	38.35	191.4	25.53	0	0	191.5	8.078	16690
6.677	0	30	62.43	27.42	0	0	7	37.3	189	25.14	0	0	188.6	8.275	16450
6.688	0	30	65.87	28.33	0	0	7	35.87	186.3	24.69	0	0	185.2	8.624	16040
6.698	0	30	65.62	28.28	0	0	7	34.81	183.4	24.25	0	0	181.8	8.584	15810
6.708	0	30	64	27.71	0	0	7	33.75	180.5	23.81	0	0	178.6	8.388	15570
6.719	0	30	59.54	26.69	0	0	7	33	177.7	23.42	0	0	175.6	7.919	15460
6.729	0	30	58.34	26.57	0	0	7	32.42	175.2	23.07	0	0	173	7.799	15400
6.74	0	30	57.34	26.62	0	0	7	33.14	173.5	22.96	0	0	172.2	7.716	15920
6.75	0	30	58.69	27.46	0	0	7	37.37	174	23.48	0	0	176.1	7.915	17880
6.76	0	30	60.47	28.33	0	0	7	36.77	176.3	23.68	0	0	177.6	8.142	17370
6.771	0	30	63.25	29.27	0	0	7	37.86	177.8	23.96	0	0	179.7	8.46	17740
6.781	0	30	62.37	30.63	0	0	7	36.79	179	23.98	0	0	179.9	8.501	17120
6.792	0	30	62.22	30.59	0	0	7	35.1	178.8	23.77	0	0	178.3	8.478	16360
6.802	0	30	62.01	28.16	0	0	7	31.78	176.7	23.16	0	0	173.7	8.24	14960
6.813	0	30	66.41	29.8	0	0	7	32.3	173.7	22.89	0	0	171.7	8.734	15480
6.823	0	30	67.19	29.82	0	0	7	36.73	173.6	23.37	0	0	175.3	8.816	17620
6.833	0	30	68.47	30.3	0	0	7	39.07	176.5	23.96	0	0	179.7	8.982	18410
6.844	0	30	71.89	32.13	0	0	7	39.66	179.7	24.38	0	0	182.8	9.432	18360
6.854	0	30	75.64	33.77	0	0	7	42.73	182.9	25.07	0	0	188	9.903	19400
6.865	0	30	77.44	34.3	0	0	7	38.68	185.7	24.93	0	0	187	10.093	17350
6.875	0	30	80.08	35.64	0	0	7	35.56	184.5	24.45	0	0	183.4	10.409	16060
6.885	0	30	82.6	36.06	0	0	7	37.62	182.7	24.48	0	0	183.6	10.656	17150
6.896	0	30	83.84	35.93	0	0	7	45.3	184.7	25.55	0	0	191.6	10.781	20300
6.906	0	30	84.22	35.45	0	0	7	43.18	189.6	25.87	0	0	194	10.783	18930
6.917	0	30	83.38	35.7	0	0	7	43.18	191.5	26.08	0	0	195.6	10.74	18740
6.927	0	30	82	35.63	0	0	7	44.15	193.1	26.36	0	0	197.7	10.628	19000
6.938	0	30	80.14	35.38	0	0	7	40.4	193.9	26.03	0	0	195.2	10.442	17360
6.948	0	30	77.75	34.94	0	0	7	48.2	194	26.91	0	0	201.9	10.235	20540
6.958	0	30	75.62	34.14	0	0	7	47.34	198.3	27.29	0	0	204.7	10.002	19800
6.969	0	30	71.87	32.7	0	0	7	46.48	200.3	27.42	0	0	205.7	9.574	19270
6.979	0	30	69.46	31.47	0	0	7	45.63	201.1	27.41	0	0	205.6	9.269	18860
6.99	0	30	67.5	30.68	0	0	7	44.47	201	27.27	0	0	204.5	9.036	18410
7	0	30	63.63	30.25	0	0	7	58.48	224.4	31.43	0	0	235.7	8.808	21480
7.01	0	30	61.67	30.21	0	0	7	58.46	224.3	31.42	0	0	235.7	8.641	21470
7.021	0	30	61.72	31.05	0	0	7	53.07	224.4	30.83	0	0	231.2	8.696	19620
7.031	0	30	62.16	31.67	0	0	7	51.46	221	30.27	0	0	227	8.768	19330
7.042	0	30	64.58	33.16	0	0	7	49.73	217.7	29.72	0	0	222.9	9.076	18980
7.052	0	30	67.85	35.12	0	0	7	47.19	214.3	29.06	0	0	217.9	9.491	18320
7.063	0	30	72.14	37.87	0	0	7	47.16	219.9	29.68	0	0	222.6	10.097	17860
7.073	0	30	72.47	37.87	0	0	7	44.13	213.3	28.6	0	0	214.5	10.091	17240
7.083	0	30	69.76	36.85	0	0	7	40.89	207.1	27.56	0	0	206.7	9.748	16450
7.094	0	30	67.5	36.47	0	0	7	39.93	201.1	26.78	0	0	200.8	9.503	16550
7.104	0	30	62.84	34.39	0	0	7	38.35	196.1	26.05	0	0	195.4	8.918	16300
7.115	0	30	62.47	34.68	0	0	7	33.82	190.7	24.95	0	0	187.1	8.877	14740
7.125	0	30	53.74	32.07	0	0	7	30.13	183.2	23.71	0	0	177.8	7.893	13610
7.135	0	30	54.45	29.9	0	0	7	27.18	174.9	22.45	0	0	168.4	7.732	12810
7.146	0	30	50.07	27.07	0	0	7	24.7	166.4	21.24	0	0	159.3	7.093	12170
7.156	0	30	46.35	24.7	0	0	7	22.34	158	20.04	0	0	150.3	6.549	11530
7.167	0	30	44.36	23.39	0	0	7	22.42	150.8	19.24	0	0	144.3	6.248	12200
7.177	0	30	42.58	22.2	0	0	7	20.64	144.8	18.38	0	0	137.9	5.974	11640
7.188	0	30	40	20.32	0	0	7	20.38	139.3	17.75	0	0	133.1	5.582	11980
7.198	0	30	40.39	20.54	0	0	7	21.88	136.2	17.57	0	0	131.7	5.628	13270
7.208	0	30	40.78	20.72	0	0	7	20.27	133.8	17.12	0	0	128.4	5.661	12450
7.219	0	30	40.47	20.75	0	0	7	21.44	131.8	17.03	0	0	127.7	5.635	13450
7.229	0	30	40.84	20.66	0	0	7	21.9	131.3	17.03	0	0	127.7	5.658	13820
7.24	0	30	40.47	20.61	0	0	7	21.84	131.1	17	0	0	127.5	5.622	13800
7.25	0	30	40.51	20.54	0	0	7	19.72	129.6	16.6	0	0	124.5	5.607	12510
7.26	0	30	40.52	20.44	0	0	7	19.4	127.2	16.29	0	0	122.2	5.591	12540
7.271	0	30	40.31	20.4	0	0	7	18.07	124.6	15.85	0	0	118.9	5.556	11870
7.281	0	30	40.12	20.16	0	0	7	18.03	122	15.56	0	0	116.7	5.511	12120
7.292	0	30	40.05	20.03	0	0	7	17.43	119.8	15.25	0	0	114.4	5.484	11910
7.302	0	30	40.34	20	0	0	7	17.35	117.9	15.03	0	0	112.7	5.499	12060
7.313	0	30	40.58	20.1	0	0	7	17.69	116.8	14.95	0	0	112.1	5.525	12450
7.323	0	30	40.89	20.4	0	0	7	18.37	116.7	15.01	0	0	112.6	5.578	12980
7.333	0	30	41.17	20.82	0	0	7	18.37	117	15.04	0	0	112.8	5.637	12960
7.344	0	30	41.86	21.17	0	0	7	18.09	116.9	15	0	0	112.5	5.723	12750
7.354	0	30	42.42	21.61	0	0	7	19.31	117.6	15.21	0	0	114.1	5.813	13600
7.365	0	30	43.95	22.14	0	0	7	20.39	119.4	15.53	0	0	116.5	5.993	14170
7.375	0	30	48.77	24.68	0	0	7	25.75	121.6	16.37	0	0	122.8	6.634	17640
7.385	0	30	59.89	29.66	0	0	7	27.43	129.6	17.44	0	0	130.8	8.008	17640
7.396	0	30	71.46	34.25	0	0	7	38.14	139.3	19.71	0	0	147.9	9.427	22460
7.406	0	30	80.01	37.94	0	0	7	50.43	153.9	22.71	0	0	170.3	10.54	26280
7.417	0	30	94.9	43.4	0	0	7	54.36	171.1	25.05	0	0	187.9	12.31	25600
7.427	0	30	105.8	46.61	0	0	7	64.85	185.3	27.79	0	0	208.4	13.57	27780
7.438	0	30	115.2	49.25	0	0	7	75.75	200.7	30.72	0	0	230.4	14.667	29550
7.448	0	30	120	50	0	0	7	88.95	214.3	33.7	0	0	252.7	15.223	31860
7.458	0	30	119	49.25	0	0	7	96.68	230.1	36.31	0	0	272.3	15.156	32170
7.469	0	30	112.1	45.74	0	0	7	102.5	243.9	38.5	0	0	288.7	14.36	32180
7.479	0	30	102.5	40.86	0	0	7	106.2	255.8	40.22	0	0	301.6	13.203	31870
7.49	0	30	94.81	39.03	0	0	7	95.51	269.7	40.58	0	0	304.4	12.425	28050
7.5	0	30	88.38	36.85	0	0	7	91.18	273.2	40.49	0	0	303.6	11.704	26700
7.51	0	30	81.29	34.25	0	0	7	90.71	271.8	40.28	0	0	302.1	10.89	26690
7.521	0	30	75.77	32.16	0	0	7	86.23	271.8	39.78	0	0	298.3	10.24	25570
7.531	0	30	70.37	30.78	0	0	7	85.71	271	39.64	0	0	297.3	9.671	25500
7.542	0	30	68.28	29.8	0	0	7	74.13	271.5	38.41	0	0	288.1	9.376	22400
7.552	0	30	67.03	29.24	0	0	7	87.45	263.7	39.01	0	0	292.6	9.245	26560
7.563	0	30	66.77	28.52	0	0	7	85.83	266.4	39.14	0	0	293.6	9.167	25910
7.573	0	30	67.08	27.96	0	0	7	80.16	267.8	38.66	0	0	290	9.131	24310
7.583	0	30	68.09	28.13	0	0	7	76.22	265.9	38.01	0	0	285.1	9.209	23400
7.594	0	30	68.72	27.55	0	0	7	65.42	263.2	36.51	0	0	273.8	9.167	20560
7.604	0	30	68.31	27.46	0	0	7	57.19	253.9	34.56	0	0	259.2	9.064	18730
7.615	0	30	65.17	26.46	0	0	7	76.52	243.9	35.61	0	0	267	8.751	25320
7.625	0	30	61.65	26.18	0	0	7	70.05	248.6	35.41	0	0	265.5	8.428	23050
7.635	0	30	59.76	26.29	0	0	7	64.18	247.7	34.66	0	0	259.9	8.257	21360
7.646	0	30	58.95	26.79	0	0	7	66.79	243.6	34.49	0	0	258.7	8.225	22490
7.656	0	30	59.39	27.29	0	0	7	53.09	242.5	32.84	0	0	246.3	8.252	18220
7.667	0	30	60.21	27.12	0	0	7	48.59	232.1	31.18	0	0	233.9	8.255	17440
7.677	0	30	62.43	27.42	0	0	7	51.67	222.9	30.51	0	0	228.8	8.443	19250
7.688	0	30	65.87	28.33	0	0	7	50.5	218.5	29.89	0	0	224.1	8.786	19200
7.698	0	30	65.62	28.28	0	0	7	51.12	215.9	29.68	0	0	222.6	8.754	19640
7.708	0	30	64	27.71	0	0	7	49	214.1	29.24	0	0	219.3	8.559	19010
7.719	0	30	59.54	26.69	0	0	7	46.94	211.3	28.69	0	0	215.2	8.085	18480
7.729	0	30	58.34	26.57	0	0	7	45.21	206.6	27.99	0	0	209.9	7.953	18210
7.74	0	30	57.34	26.62	0	0	7	45.48	203.9	27.71	0	0	207.8	7.865	18550
7.75	0	30	58.69	27.46	0	0	7	45.37	202.1	27.5	0	0	206.2	8.041	18670
7.76	0	30	60.47	28.33	0	0	7	45.06	200.7	27.3	0	0	204.8	8.256	18670
7.771	0	30	63.25	29.27	0	0	7	44.73	199.4	27.13	0	0	203.4	8.56	18650
7.781	0	30	62.37	30.63	0	0	7	56.42	199.3	28.42	0	0	213.1	8.64	23140
7.792	0	30	62.22	30.59	0	0	7	56.52	205.9	29.16	0	0	218.7	8.647	22510
7.802	0	30	62.01	28.16	0	0	7	56.34	210.2	29.61	0	0	222.1	8.442	22030
7.813	0	30	66.41	29.8	0	0	7	58.43	213.1	30.17	0	0	226.3	8.962	22490
7.823	0	30	67.19	29.82	0	0	7	49.05	216	29.45	0	0	220.9	9.007	18880
7.833	0	30	68.47	30.3	0	0	7	53.24	212.9	29.57	0	0	221.8	9.157	20670
7.844	0	30	71.89	32.13	0	0	7	63.45	213.7	30.79	0	0	230.9	9.633	24150
7.854	0	30	75.64	33.77	0	0	7	60.41	220	31.16	0	0	233.7	10.094	22520
7.865	0	30	77.44	34.3	0	0	7	61.91	222.3	31.58	0	0	236.9	10.302	22800
7.875	0	30	80.08	35.64	0	0	7	59.52	224.9	31.6	0	0	237	10.634	21780
7.885	0	30	82.6	36.06	0	0	7	51.65	225.1	30.75	0	0	230.6	10.852	19070
7.896	0	30	83.84	35.93	0	0	7	72.08	220.7	32.53	0	0	244	11	26210
7.906	0	30	84.22	35.45	0	0	7	68.09	229.8	33.1	0	0	248.2	11.01	24100
7.917	0	30	83.38	35.7	0	0	7	65.82	233.3	33.24	0	0	249.3	10.964	23070
7.927	0	30	82	35.63	0	0	7	63.99	234.5	33.17	0	0	248.8	10.841	22390
7.938	0	30	80.14	35.38	0	0	7	49.15	234.2	31.48	0	0	236.1	10.613	17480
7.948	0	30	77.75	34.94	0	0	7	72.37	225.6	33.11	0	0	248.3	10.429	25810
7.958	0	30	75.62	34.14	0	0	7	66.46	233.6	33.34	0	0	250	10.192	23250
7.969	0	30	71.87	32.7	0	0	7	69.61	234.9	33.84	0	0	253.8	9.775	24100
7.979	0	30	69.46	31.47	0	0	7	64.95	237.9	33.65	0	0	252.4	9.464	22400
7.99	0	30	67.5	30.68	0	0	7	57.16	237.3	32.72	0	0	245.4	9.207	19960
8	0	30	63.63	30.25	0	0	7	51.27	232.3	31.51	0	0	236.3	8.811	18360
8.01	0	30	61.67	30.21	0	0	7	50.52	225.6	30.68	0	0	230.1	8.618	18620
8.021	0	30	61.72	31.05	0	0	7	50.62	220.8	30.16	0	0	226.2	8.675	19050
8.031	0	30	62.16	31.67	0	0	7	62.57	217.9	31.17	0	0	233.8	8.796	23430
8.042	0	30	64.58	33.16	0	0	7	59.62	222.7	31.36	0	0	235.2	9.127	22010
8.052	0	30	67.85	35.12	0	0	7	63.86	223.8	31.96	0	0	239.7	9.582	23310
8.063	0	30	72.14	37.87	0	0	7	64.28	226.9	32.35	0	0	242.7	10.181	23160
8.073	0	30	72.47	37.87	0	0	7	41.49	228.3	29.98	0	0	224.8	10.134	15120
8.083	0	30	69.76	36.85	0	0	7	39.67	215.5	28.36	0	0	212.7	9.773	15320
8.094	0	30	67.5	36.47	0	0	7	37.97	206	27.11	0	0	203.3	9.514	15340
8.104	0	30	62.84	34.39	0	0	7	35.13	198	25.9	0	0	194.2	8.913	14750
8.115	0	30	62.24	34.68	0	0	7	32.71	190.1	24.75	0	0	185.7	8.852	14290
8.125	0	30	53.74	32.07	0	0	7	27.94	184.1	23.56	0	0	176.7	7.889	12480
8.135	0	30	54.45	29.9	0	0	7	26.39	173.9	22.25	0	0	166.9	7.726	12480
8.146	0	30	50.07	27.07	0	0	7	22.94	164.6	20.83	0	0	156.2	7.081	11350
8.156	0	30	46.35	24.7	0	0	7	21.1	155.1	19.58	0	0	146.9	6.535	11040
8.167	0	30	44.36	23.39	0	0	7	19.02	146.3	18.37	0	0	137.8	6.221	10470
8.177	0	30	42.58	22.2	0	0	7	17.21	137.7	17.21	0	0	129.1	5.937	10000
8.188	0	30	40	20.32	0	0	7	18.18	131.3	16.61	0	0	124.6	5.547	11260
8.198	0	30	40.39	20.54	0	0	7	16.34	126	15.82	0	0	118.6	5.573	10440
8.208	0	30	40.78	20.72	0	0	7	16.41	121.2	15.29	0	0	114.7	5.604	10980
8.219	0	30	40.47	20.75	0	0	7	16.3	117.8	14.9	0	0	111.7	5.568	11250
8.229	0	30	40.84	20.66	0	0	7	16.59	115.5	14.68	0	0	110.1	5.585	11740
8.24	0	30	40.47	20.61	0	0	7	16.1	113.6	14.41	0	0	108.1	5.541	11560
8.25	0	30	40.51	20.54	0	0	7	16.61	112.3	14.33	0	0	107.4	5.536	12120
8.26	0	30	40.52	20.44	0	0	7	17.14	112.1	14.36	0	0	107.7	5.53	12580
8.271	0	30	40.31	20.4	0	0	7	15.53	110.9	14.05	0	0	105.4	5.5	11400
8.281	0	30	40.12	20.16	0	0	7	15.32	109.1	13.82	0	0	103.7	5.456	11450
8.292	0	30	40.05	20.03	0	0	7	15.97	108.3	13.81	0	0	103.5	5.439	12090
8.302	0	30	40.34	20	0	0	7	16.4	108.5	13.87	0	0	104	5.463	12430
8.313	0	30	40.58	20.1	0	0	7	15.2	107.8	13.67	0	0	102.5	5.485	11500
8.323	0	30	40.89	20.4	0	0	7	15.31	106.8	13.57	0	0	101.7	5.533	11720
8.333	0	30	41.17	20.82	0	0	7	15.26	106.1	13.49	0	0	101.2	5.588	11750
8.344	0	30	41.86	21.17	0	0	7	14.84	105.3	13.35	0	0	100.1	5.671	11490
8.354	0	30	42.42	21.61	0	0	7	16.53	106	13.61	0	0	102.1	5.763	12860
8.365	0	30	43.95	22.14	0	0	7	16.08	107	13.67	0	0	102.5	5.935	12350
8.375	0	30	48.77	24.68	0	0	7	15.94	107.2	13.68	0	0	102.6	6.55	12190
8.385	0	30	59.89	29.66	0	0	7	20.37	110.6	14.56	0	0	109.2	7.918	15330
8.396	0	30	71.46	34.25	0	0	7	34.1	121.9	17.33	0	0	130	9.352	22900
8.406	0	30	80.01	37.94	0	0	7	40.21	138.4	19.84	0	0	148.8	10.45	23690
8.417	0	30	94.9	43.4	0	0	7	47.04	154	22.33	0	0	167.5	12.224	24750
8.427	0	30	105.8	46.61	0	0	7	57.99	169.6	25.28	0	0	189.6	13.491	27250
8.438	0	30	115.2	49.25	0	0	7	70.3	186.6	28.55	0	0	214.1	14.599	29500
8.448	0	30	120	50	0	0	7	84.78	204.2	32.11	0	0	240.8	15.174	31870
8.458	0	30	119	49.25	0	0	7	93.64	223.3	35.21	0	0	264.1	15.121	32130
8.469	0	30	112.1	45.74	0	0	7	99.8	240	37.76	0	0	283.2	14.337	31910
8.479	0	30	102.5	40.86	0	0	7	105.5	253.6	39.9	0	0	299.3	13.193	31930
8.49	0	30	94.81	39.03	0	0	7	109.4	265.1	41.61	0	0	312.1	12.458	31720
8.5	0	30	88.38	36.85	0	0	7	109.8	274.9	42.75	0	0	320.6	11.775	30930
8.51	0	30	81.29	34.25	0	0	7	96.36	284.4	42.3	0	0	317.3	10.953	27040
8.521	0	30	75.77	32.16	0	0	7	91.2	283.9	41.68	0	0	312.6	10.3	25840
8.531	0	30	70.37	30.78	0	0	7	87.72	281.5	41.03	0	0	307.7	9.715	25170
8.542	0	30	68.28	29.8	0	0	7	85.22	278.5	40.41	0	0	303.1	9.439	24780
8.552	0	30	67.03	29.24	0	0	7	82.97	275.5	39.83	0	0	298.7	9.27	24440
8.563	0	30	66.77	28.52	0	0	7	75.86	273	38.76	0	0	290.7	9.155	22760
8.573	0	30	67.08	27.96	0	0	7	82.17	266.6	38.75	0	0	290.6	9.134	24940
8.583	0	30	68.09	28.13	0	0	7	78.99	266.4	38.37	0	0	287.8	9.22	24110
8.594	0	30	68.72	27.55	0	0	7	75.53	264.5	37.78	0	0	283.4	9.207	23320
8.604	0	30	68.31	27.46	0	0	7	70.88	261.6	36.94	0	0	277.1	9.139	22250
8.615	0	30	65.17	26.46	0	0	7	68.39	257.2	36.17	0	0	271.3	8.769	21880
8.625	0	30	61.65	26.18	0	0	7	67.19	252.8	35.56	0	0	266.7	8.432	21860
8.635	0	30	59.76	26.29	0	0	7	64.18	249.3	34.83	0	0	261.2	8.262	21240
8.646	0	30	58.95	26.79	0	0	7	63.87	245.1	34.33	0	0	257.5	8.22	21470
8.656	0	30	59.39	27.29	0	0	7	61.01	242.1	33.67	0	0	252.6	8.278	20820
8.667	0	30	60.21	27.12	0	0	7	58.94	238.3	33.02	0	0	247.7	8.313	20460
8.677	0	30	62.43	27.42	0	0	7	56.69	234.4	32.35	0	0	242.6	8.501	20030
8.688	0	30	65.87	28.33	0	0	7	53.63	230.4	31.56	0	0	236.7	8.839	19330
8.698	0	30	65.62	28.28	0	0	7	51.41	225.7	30.79	0	0	230.9	8.789	18930
8.708	0	30	64	27.71	0	0	7	49.2	221.1	30.03	0	0	225.2	8.583	18510
8.719	0	30	59.54	26.69	0	0	7	47.66	216.5	29.35	0	0	220.1	8.105	18320
8.729	0	30	58.34	26.57	0	0	7	46.49	212.3	28.75	0	0	215.7	7.977	18220
8.74	0	30	57.34	26.62	0	0	7	48.05	208.9	28.55	0	0	214.1	7.891	19110
8.75	0	30	58.69	27.46	0	0	7	57.04	208	29.45	0	0	220.9	8.102	22490
8.76	0	30	60.47	28.33	0	0	7	55.7	212.3	29.78	0	0	223.4	8.333	21600
8.771	0	30	63.25	29.27	0	0	7	58.01	214.3	30.26	0	0	226.9	8.658	22230
8.781	0	30	62.37	30.63	0	0	7	55.67	217	30.29	0	0	227.2	8.699	21170
8.792	0	30	62.22	30.59	0	0	7	52.02	217.3	29.92	0	0	224.4	8.671	19850
8.802	0	30	62.01	28.16	0	0	7	45.02	214.9	28.88	0	0	216.6	8.419	17450
8.813	0	30	66.41	29.8	0	0	7	46.17	209.5	28.41	0	0	213.1	8.907	18340
8.823	0	30	67.19	29.82	0	0	7	55.57	207.5	29.23	0	0	219.2	9	22020
8.833	0	30	68.47	30.3	0	0	7	60.53	211.5	30.22	0	0	226.7	9.178	23370
8.844	0	30	71.89	32.13	0	0	7	61.74	216.8	30.95	0	0	232.1	9.638	23270
8.854	0	30	75.64	33.77	0	0	7	68.39	220.7	32.13	0	0	240.9	10.124	25050
8.865	0	30	77.44	34.3	0	0	7	59.49	227.5	31.89	0	0	239.2	10.311	21540
8.875	0	30	80.08	35.64	0	0	7	52.76	226.7	31.05	0	0	232.9	10.616	19320
8.885	0	30	82.6	36.06	0	0	7	57.21	222.8	31.11	0	0	233.3	10.864	21190
8.896	0	30	83.84	35.93	0	0	7	73.91	222.5	32.93	0	0	247	11.012	26590
8.906	0	30	84.22	35.45	0	0	7	69.17	232	33.47	0	0	251	11.021	24230
8.917	0	30	83.38	35.7	0	0	7	69.1	235.4	33.83	0	0	253.7	10.982	23900
8.927	0	30	82	35.63	0	0	7	71.2	237.5	34.3	0	0	257.3	10.876	24340
8.938	0	30	80.14	35.38	0	0	7	62.9	240.7	33.73	0	0	253	10.684	21530
8.948	0	30	77.75	34.94	0	0	7	80.11	237	35.24	0	0	264.3	10.495	26980
8.958	0	30	75.62	34.14	0	0	7	78.1	244.8	35.88	0	0	269.1	10.271	25690
8.969	0	30	71.87	32.7	0	0	7	76.1	248.7	36.09	0	0	270.7	9.845	24780
8.979	0	30	69.46	31.47	0	0	7	74.18	250.5	36.07	0	0	270.5	9.54	24090
8.99	0	30	67.5	30.68	0	0	7	71.58	250.8	35.82	0	0	268.7	9.304	23310
9	0	30	63.63	30.25	0	0	7	63.66	250	34.86	0	0	261.4	8.916	21020
9.01	0	30	61.67	30.21	0	0	7	62.39	245.1	34.16	0	0	256.2	8.727	21010
9.021	0	30	61.72	31.05	0	0	7	52.9	229.8	31.42	0	0	235.6	8.715	19120
9.031	0	30	62.16	31.67	0	0	7	52.25	230.4	31.41	0	0	235.6	8.804	18850
9.042	0	30	64.58	33.16	0	0	7	50.48	226.9	30.82	0	0	231.1	9.11	18510
9.052	0	30	67.85	35.12	0	0	7	48.16	224.2	30.26	0	0	227	9.529	17890
9.063	0	30	72.14	37.87	0	0	7	46.3	221.1	29.71	0	0	222.8	10.098	17450
9.073	0	30	72.47	37.87	0	0	7	43.99	217.5	29.05	0	0	217.9	10.105	16860
9.083	0	30	69.76	36.85	0	0	7	43.27	223.7	29.67	0	0	222.5	9.814	16120
9.094	0	30	67.5	36.47	0	0	7	41.9	215.4	28.59	0	0	214.5	9.56	16210
9.104	0	30	62.84	34.39	0	0	7	39.87	208.1	27.55	0	0	206.6	8.965	15970
9.115	0	30	62.24	34.68	0	0	7	35.79	205.1	26.77	0	0	200.8	8.915	14490
9.125	0	30	53.74	32.07	0	0	7	32.73	201.7	26.04	0	0	195.3	7.967	13420
9.135	0	30	54.45	29.9	0	0	7	29.92	194.5	24.94	0	0	187.1	7.81	12660
9.146	0	30	50.07	27.07	0	0	7	27.36	185.9	23.7	0	0	177.7	7.17	12060
9.156	0	30	46.35	24.7	0	0	7	24.89	177.1	22.45	0	0	168.4	6.625	11450
9.167	0	30	44.36	23.39	0	0	7	24.55	166.5	21.23	0	0	159.2	6.311	12080
9.177	0	30	42.58	22.2	0	0	7	22.37	157.9	20.03	0	0	150.2	6.026	11550
9.188	0	30	40	20.32	0	0	7	21.95	151.2	19.24	0	0	144.3	5.629	11880
9.198	0	30	40.39	20.54	0	0	7	22.65	142.8	18.38	0	0	137.8	5.653	13100
9.208	0	30	40.78	20.72	0	0	7	20.84	138.9	17.74	0	0	133.1	5.68	12320
9.219	0	30	40.47	20.75	0	0	7	21.87	136.2	17.56	0	0	131.7	5.652	13270
9.229	0	30	40.84	20.66	0	0	7	21.76	132.3	17.12	0	0	128.4	5.661	13610
9.24	0	30	40.47	20.61	0	0	7	21.63	131.6	17.03	0	0	127.7	5.623	13600
9.25	0	30	40.51	20.54	0	0	7	20.06	133.1	17.02	0	0	127.7	5.621	12380
9.26	0	30	40.52	20.44	0	0	7	20.06	132.9	16.99	0	0	127.4	5.613	12410
9.271	0	30	40.31	20.4	0	0	7	18.79	130.5	16.59	0	0	124.4	5.579	11770
9.281	0	30	40.12	20.16	0	0	7	18.74	127.9	16.29	0	0	122.2	5.533	12010
9.292	0	30	40.05	20.03	0	0	7	17.99	124.6	15.85	0	0	118.9	5.503	11810
9.302	0	30	40.34	20	0	0	7	17.84	122.2	15.56	0	0	116.7	5.516	11950
9.313	0	30	40.58	20.1	0	0	7	17.9	119.4	15.25	0	0	114.4	5.535	12320
9.323	0	30	40.89	20.4	0	0	7	18.22	117.1	15.03	0	0	112.7	5.579	12830
9.333	0	30	41.17	20.82	0	0	7	18.09	116.4	14.95	0	0	112.1	5.634	12800
9.344	0	30	41.86	21.17	0	0	7	17.94	117.1	15.01	0	0	112.6	5.723	12600
9.354	0	30	42.42	21.61	0	0	7	18.88	116.5	15.04	0	0	112.8	5.808	13410
9.365	0	30	43.95	22.14	0	0	7	19.44	115.5	15	0	0	112.5	5.977	13950
9.375	0	30	48.77	24.68	0	0	7	23.46	113.4	15.21	0	0	114	6.598	17240
9.385	0	30	59.89	29.66	0	0	7	23.95	115.8	15.53	0	0	116.5	7.948	17230
9.396	0	30	71.46	34.25	0	0	7	30.86	116.5	16.37	0	0	122.8	9.322	21800
9.406	0	30	80.01	37.94	0	0	7	37.61	119.4	17.44	0	0	130.8	10.375	25420
9.417	0	30	94.9	43.4	0	0	7	41.55	135.8	19.71	0	0	147.8	12.142	24780
9.427	0	30	105.8	46.61	0	0	7	51.38	152.9	22.7	0	0	170.3	13.41	26840
9.438	0	30	115.2	49.25	0	0	7	59.83	165.6	25.04	0	0	187.8	14.489	28520
9.448	0	30	120	50	0	0	7	70.93	179.1	27.78	0	0	208.4	15.038	30710
9.458	0	30	119	49.25	0	0	7	79.07	197.3	30.71	0	0	230.3	14.98	31000
9.469	0	30	112.1	45.74	0	0	7	86.77	216.4	33.69	0	0	252.7	14.21	31010
9.479	0	30	102.5	40.86	0	0	7	92.68	234	36.29	0	0	272.2	13.08	30710
9.49	0	30	94.81	39.03	0	0	7	87.82	258.5	38.48	0	0	288.6	12.359	27090
9.5	0	30	88.38	36.85	0	0	7	87.88	273.9	40.2	0	0	301.5	11.695	25810
9.51	0	30	81.29	34.25	0	0	7	88.66	276.4	40.57	0	0	304.3	10.899	25810
9.521	0	30	75.77	32.16	0	0	7	85.23	279	40.47	0	0	303.5	10.262	24750
9.531	0	30	70.37	30.78	0	0	7	84.59	277.8	40.27	0	0	302	9.691	24680
9.542	0	30	68.28	29.8	0	0	7	74.79	283.1	39.76	0	0	298.2	9.418	21750
9.552	0	30	67.03	29.24	0	0	7	86.22	270.4	39.62	0	0	297.2	9.264	25680
9.563	0	30	66.77	28.52	0	0	7	81.77	263.8	38.39	0	0	287.9	9.143	25060
9.573	0	30	67.08	27.96	0	0	7	78.64	272.4	39	0	0	292.5	9.142	23550
9.583	0	30	68.09	28.13	0	0	7	76.38	275.8	39.13	0	0	293.5	9.244	22690
9.594	0	30	68.72	27.55	0	0	7	67.64	280.2	38.65	0	0	289.9	9.234	20000
9.604	0	30	68.31	27.46	0	0	7	61.56	280.4	38	0	0	285	9.172	18270
9.615	0	30	65.17	26.46	0	0	7	76.21	252.3	36.5	0	0	273.7	8.779	24510
9.625	0	30	61.65	26.18	0	0	7	66.56	244.4	34.55	0	0	259.1	8.401	22350
9.635	0	30	59.76	26.29	0	0	7	64.3	256	35.59	0	0	266.9	8.286	20760
9.646	0	30	58.95	26.79	0	0	7	66.78	251.8	35.39	0	0	265.5	8.254	21820
9.656	0	30	59.39	27.29	0	0	7	54.87	256.9	34.65	0	0	259.8	8.309	17790
9.667	0	30	60.21	27.12	0	0	7	52.7	257.6	34.48	0	0	258.6	8.358	17050
9.677	0	30	62.43	27.42	0	0	7	54.39	241.1	32.83	0	0	246.2	8.516	18760
9.688	0	30	65.87	28.33	0	0	7	51.53	229	31.17	0	0	233.8	8.827	18710
9.698	0	30	65.62	28.28	0	0	7	51.38	223.1	30.5	0	0	228.8	8.78	19130
9.708	0	30	64	27.71	0	0	7	49	219.9	29.88	0	0	224.1	8.579	18540
9.719	0	30	59.54	26.69	0	0	7	47.53	219.5	29.67	0	0	222.5	8.115	18030
9.729	0	30	58.34	26.57	0	0	7	46.26	216.8	29.23	0	0	219.2	7.992	17770
9.74	0	30	57.34	26.62	0	0	7	46.09	212.1	28.68	0	0	215.1	7.895	18090
9.75	0	30	58.69	27.46	0	0	7	45.19	206.6	27.98	0	0	209.8	8.056	18210
9.76	0	30	60.47	28.33	0	0	7	44.76	204.6	27.7	0	0	207.8	8.268	18210
9.771	0	30	63.25	29.27	0	0	7	44.38	203	27.49	0	0	206.2	8.571	18190
9.781	0	30	62.37	30.63	0	0	7	52.75	192.9	27.29	0	0	204.7	8.605	22440
9.792	0	30	62.22	30.59	0	0	7	51.2	192.9	27.12	0	0	203.4	8.583	21840
9.802	0	30	62.01	28.16	0	0	7	52.68	203	28.41	0	0	213.1	8.405	21390
9.813	0	30	66.41	29.8	0	0	7	55	207.4	29.15	0	0	218.6	8.931	21820
9.823	0	30	67.19	29.82	0	0	7	48.26	218.2	29.61	0	0	222	9.012	18400
9.833	0	30	68.47	30.3	0	0	7	53.02	218.4	30.16	0	0	226.2	9.176	20100
9.844	0	30	71.89	32.13	0	0	7	59.01	206	29.44	0	0	220.8	9.591	23390
9.854	0	30	75.64	33.77	0	0	7	55.83	210.2	29.56	0	0	221.7	10.044	21850
9.865	0	30	77.44	34.3	0	0	7	58.76	218.3	30.78	0	0	230.8	10.276	22120
9.875	0	30	80.08	35.64	0	0	7	57.2	223.1	31.15	0	0	233.6	10.619	21150
9.885	0	30	82.6	36.06	0	0	7	51.9	232.3	31.57	0	0	236.8	10.878	18580
9.896	0	30	83.84	35.93	0	0	7	67.95	216.4	31.59	0	0	236.9	10.97	25350
9.906	0	30	84.22	35.45	0	0	7	61.49	215.1	30.74	0	0	230.5	10.935	23340
9.917	0	30	83.38	35.7	0	0	7	62.7	230	32.52	0	0	243.9	10.942	22370
9.927	0	30	82	35.63	0	0	7	62.18	235.6	33.09	0	0	248.1	10.838	21730
9.938	0	30	80.14	35.38	0	0	7	50.88	248.2	33.23	0	0	249.2	10.668	17080
9.948	0	30	77.75	34.94	0	0	7	70.38	228.1	33.16	0	0	248.7	10.43	24970
9.958	0	30	75.62	34.14	0	0	7	61.07	222.2	31.47	0	0	236.1	10.133	22540
9.969	0	30	71.87	32.7	0	0	7	66.22	231.6	33.1	0	0	248.2	9.752	23340
9.979	0	30	69.46	31.47	0	0	7	62.66	237.3	33.33	0	0	249.9	9.454	21740
9.99	0	30	67.5	30.68	0	0	7	57.74	246.7	33.82	0	0	253.7	9.241	19430
10	0	30	63.63	30.25	0	0	7	53.61	249.1	33.64	0	0	252.3	8.877	17920
10.01	0	30	61.67	30.21	0	0	7	52.71	241.6	32.71	0	0	245.3	8.682	18160
10.02	0	30	61.72	31.05	0	0	7	51.72	231.7	31.5	0	0	236.2	8.717	18560
10.03	0	30	62.16	31.67	0	0	7	59.92	216.1	30.67	0	0	230	8.78	22710
10.04	0	30	64.58	33.16	0	0	7	55.85	215.5	30.15	0	0	226.1	9.089	21370
10.05	0	30	67.85	35.12	0	0	7	60.59	219.8	31.16	0	0	233.7	9.557	22600
10.06	0	30	72.14	37.87	0	0	7	60.64	221.6	31.35	0	0	235.2	10.149	22450
10.07	0	30	72.47	37.87	0	0	7	43.56	244	31.95	0	0	239.6	10.196	14850
10.08	0	30	69.76	36.85	0	0	7	44.55	246.5	32.34	0	0	242.6	9.898	15030
10.09	0	30	67.5	36.47	0	0	7	41.33	228.4	29.97	0	0	224.7	9.603	15060
10.1	0	30	62.84	34.39	0	0	7	37.91	217.2	28.35	0	0	212.6	8.99	14500
10.11	0	30	62.24	34.68	0	0	7	35.35	208.6	27.1	0	0	203.3	8.926	14060
10.13	0	30	53.74	32.07	0	0	7	30.44	202.6	25.89	0	0	194.2	7.962	12350
10.14	0	30	54.45	29.9	0	0	7	29.1	193.6	24.75	0	0	185.6	7.804	12340
10.15	0	30	50.07	27.07	0	0	7	25.81	186.2	23.56	0	0	176.7	7.166	11270
10.16	0	30	46.35	24.7	0	0	7	23.89	176.3	22.25	0	0	166.9	6.618	10980
10.17	0	30	44.36	23.39	0	0	7	21.53	165.9	20.83	0	0	156.2	6.298	10450
10.18	0	30	42.58	22.2	0	0	7	19.58	156.6	19.58	0	0	146.8	6.011	10000
10.19	0	30	40	20.32	0	0	7	20	145.3	18.37	0	0	137.7	5.602	11190
10.2	0	30	40.39	20.54	0	0	7	17.74	137.2	17.21	0	0	129.1	5.617	10410
10.21	0	30	40.78	20.72	0	0	7	17.76	131.7	16.61	0	0	124.6	5.645	10920
10.22	0	30	40.47	20.75	0	0	7	17.22	125.1	15.82	0	0	118.6	5.597	11180
10.23	0	30	40.84	20.66	0	0	7	17.18	120.5	15.29	0	0	114.7	5.604	11650
10.24	0	30	40.47	20.61	0	0	7	16.55	117.5	14.9	0	0	111.7	5.557	11480
10.25	0	30	40.51	20.54	0	0	7	16.89	115.2	14.67	0	0	110.1	5.547	12010
10.26	0	30	40.52	20.44	0	0	7	17.04	112.6	14.41	0	0	108.1	5.532	12440
10.27	0	30	40.31	20.4	0	0	7	15.75	113.2	14.33	0	0	107.4	5.508	11320
10.28	0	30	40.12	20.16	0	0	7	15.84	113.4	14.36	0	0	107.7	5.473	11370
10.29	0	30	40.05	20.03	0	0	7	16.14	110.3	14.05	0	0	105.4	5.446	11980
10.3	0	30	40.34	20	0	0	7	16.2	108.2	13.82	0	0	103.7	5.461	12300
10.31	0	30	40.58	20.1	0	0	7	15.28	109	13.81	0	0	103.5	5.489	11420
10.32	0	30	40.89	20.4	0	0	7	15.56	109.3	13.87	0	0	104	5.543	11620
10.33	0	30	41.17	20.82	0	0	7	15.36	107.6	13.67	0	0	102.5	5.594	11660
10.34	0	30	41.86	21.17	0	0	7	15	107.1	13.57	0	0	101.7	5.678	11410
10.35	0	30	42.42	21.61	0	0	7	16.23	105.2	13.49	0	0	101.2	5.759	12700
10.36	0	30	43.95	22.14	0	0	7	15.58	104.6	13.35	0	0	100.1	5.925	12220
10.38	0	30	48.77	24.68	0	0	7	15.73	106.8	13.61	0	0	102.1	6.548	12080
10.39	0	30	59.89	29.66	0	0	7	18.84	104.2	13.67	0	0	102.5	7.89	15040
10.4	0	30	71.46	34.25	0	0	7	26.21	96.95	13.68	0	0	102.6	9.238	22200
10.41	0	30	80.01	37.94	0	0	7	28.69	102.3	14.56	0	0	109.2	10.284	22950
10.42	0	30	94.9	43.4	0	0	7	35.46	120.5	17.33	0	0	130	12.068	23950
10.43	0	30	105.8	46.61	0	0	7	44.11	134.4	19.84	0	0	148.8	13.321	26310
10.44	0	30	115.2	49.25	0	0	7	53.22	147.7	22.33	0	0	167.5	14.404	28450
10.45	0	30	120	50	0	0	7	64.48	163	25.28	0	0	189.6	14.959	30680
10.46	0	30	119	49.25	0	0	7	73.32	183.5	28.54	0	0	214	14.912	30930
10.47	0	30	112.1	45.74	0	0	7	81.98	206.9	32.1	0	0	240.8	14.16	30720
10.48	0	30	102.5	40.86	0	0	7	89.95	226.9	35.2	0	0	264	13.045	30740
10.49	0	30	94.81	39.03	0	0	7	95.89	243.8	37.75	0	0	283.1	12.336	30540
10.5	0	30	88.38	36.85	0	0	7	99.09	259.9	39.89	0	0	299.2	11.685	29790
10.51	0	30	81.29	34.25	0	0	7	91.86	282.5	41.6	0	0	312	10.931	26110
10.52	0	30	75.77	32.16	0	0	7	90.75	293.8	42.73	0	0	320.5	10.333	24980
10.53	0	30	70.37	30.78	0	0	7	87.8	292.8	42.29	0	0	317.2	9.754	24350
10.54	0	30	68.28	29.8	0	0	7	85.34	289.6	41.66	0	0	312.5	9.478	23980
10.55	0	30	67.03	29.24	0	0	7	83.02	286.1	41.01	0	0	307.6	9.307	23660
10.56	0	30	66.77	28.52	0	0	7	76.96	286.6	40.4	0	0	303	9.206	22070
10.57	0	30	67.08	27.96	0	0	7	81.99	276.3	39.81	0	0	298.6	9.167	24130
10.58	0	30	68.09	28.13	0	0	7	77.52	271.2	38.74	0	0	290.6	9.232	23350
10.59	0	30	68.72	27.55	0	0	7	75.33	273.3	38.74	0	0	290.5	9.236	22600
10.6	0	30	68.31	27.46	0	0	7	71.67	273.5	38.36	0	0	287.7	9.183	21580
10.61	0	30	65.17	26.46	0	0	7	69.57	270.3	37.77	0	0	283.3	8.819	21230
10.63	0	30	61.65	26.18	0	0	7	68	264.4	36.93	0	0	277	8.476	21220
10.64	0	30	59.76	26.29	0	0	7	64.97	260.5	36.16	0	0	271.2	8.304	20620
10.65	0	30	58.95	26.79	0	0	7	64.46	255.4	35.54	0	0	266.6	8.258	20850
10.66	0	30	59.39	27.29	0	0	7	61.53	251.8	34.82	0	0	261.1	8.314	20230
10.67	0	30	60.21	27.12	0	0	7	59.78	249.1	34.32	0	0	257.4	8.353	19890
10.68	0	30	62.43	27.42	0	0	7	57.61	245.4	33.66	0	0	252.5	8.542	19490
10.69	0	30	65.87	28.33	0	0	7	54.85	242.3	33.01	0	0	247.6	8.884	18820
10.7	0	30	65.62	28.28	0	0	7	52.8	238.2	32.34	0	0	242.5	8.838	18440
10.71	0	30	64	27.71	0	0	7	50.58	233.3	31.55	0	0	236.6	8.631	18050
10.72	0	30	59.54	26.69	0	0	7	48.93	228.1	30.78	0	0	230.8	8.15	17860
10.73	0	30	58.34	26.57	0	0	7	47.52	222.6	30.02	0	0	225.1	8.016	17780
10.74	0	30	57.34	26.62	0	0	7	48.28	215.8	29.34	0	0	220	7.916	18610
10.75	0	30	58.69	27.46	0	0	7	54.2	204.5	28.75	0	0	215.6	8.08	21810
10.76	0	30	60.47	28.33	0	0	7	52.02	204.8	28.54	0	0	214.1	8.294	20970
10.77	0	30	63.25	29.27	0	0	7	54.96	210	29.44	0	0	220.8	8.632	21560
10.78	0	30	62.37	30.63	0	0	7	53.35	214.6	29.77	0	0	223.3	8.683	20560
10.79	0	30	62.22	30.59	0	0	7	51.37	220.9	30.25	0	0	226.9	8.681	19310
10.8	0	30	62.01	28.16	0	0	7	46.28	226.3	30.28	0	0	227.1	8.463	17040
10.81	0	30	66.41	29.8	0	0	7	47.59	221.6	29.91	0	0	224.3	8.954	17880
10.82	0	30	67.19	29.82	0	0	7	53.47	206.4	28.87	0	0	216.5	8.989	21360
10.83	0	30	68.47	30.3	0	0	7	55.31	200.3	28.4	0	0	213	9.121	22640
10.84	0	30	71.89	32.13	0	0	7	56.7	206.3	29.22	0	0	219.1	9.584	22540
10.85	0	30	75.64	33.77	0	0	7	62.45	209.5	30.22	0	0	226.6	10.065	24230
10.86	0	30	77.44	34.3	0	0	7	56.24	222.2	30.94	0	0	232	10.281	20910
10.88	0	30	80.08	35.64	0	0	7	53.33	235.7	32.12	0	0	240.9	10.65	18810
10.89	0	30	82.6	36.06	0	0	7	57.16	229.7	31.88	0	0	239.1	10.888	20580
10.9	0	30	83.84	35.93	0	0	7	67.55	211.8	31.04	0	0	232.8	10.953	25680
10.91	0	30	84.22	35.45	0	0	7	62.45	217.4	31.1	0	0	233.2	10.947	23440
10.92	0	30	83.38	35.7	0	0	7	65.37	230.9	32.92	0	0	246.9	10.954	23140
10.93	0	30	82	35.63	0	0	7	67.45	233.6	33.45	0	0	250.9	10.85	23550
10.94	0	30	80.14	35.38	0	0	7	61.45	242.9	33.82	0	0	253.6	10.686	20900
10.95	0	30	77.75	34.94	0	0	7	75.56	233.1	34.29	0	0	257.2	10.466	26040
10.96	0	30	75.62	34.14	0	0	7	71.23	232.3	33.72	0	0	252.9	10.204	24830
10.97	0	30	71.87	32.7	0	0	7	72.12	244.9	35.23	0	0	264.2	9.818	23970
10.98	0	30	69.46	31.47	0	0	7	71.67	251.1	35.86	0	0	269	9.534	23310
10.99	0	30	67.5	30.68	0	0	7	70.11	254.6	36.08	0	0	270.6	9.312	22580
11	0	30	63.63	30.25	0	0	7	64.21	260.3	36.06	0	0	270.4	8.953	20410
11.01	0	30	61.67	30.21	0	0	7	63.76	258.5	35.81	0	0	268.6	8.779	20410
11.02	0	30	61.72	31.05	0	0	7	50.75	226.7	30.83	0	0	231.2	8.696	18620
11.03	0	30	62.16	31.67	0	0	7	49.25	223.2	30.27	0	0	227	8.768	18360
11.04	0	30	64.58	33.16	0	0	7	47.64	219.8	29.72	0	0	222.9	9.076	18040
11.05	0	30	67.85	35.12	0	0	7	45.3	216.2	29.06	0	0	217.9	9.491	17450
11.06	0	30	72.14	37.87	0	0	7	45.33	221.8	29.68	0	0	222.6	10.097	17030
11.07	0	30	72.47	37.87	0	0	7	42.5	214.9	28.6	0	0	214.5	10.091	16480
11.08	0	30	69.76	36.85	0	0	7	39.5	208.5	27.56	0	0	206.7	9.748	15780
11.09	0	30	67.5	36.47	0	0	7	38.55	202.4	26.78	0	0	200.8	9.503	15860
11.1	0	30	62.84	34.39	0	0	7	37.06	197.4	26.05	0	0	195.4	8.918	15640
11.11	0	30	62.24	34.68	0	0	7	32.89	191.6	24.95	0	0	187.1	8.858	14250
11.13	0	30	53.74	32.07	0	0	7	29.46	183.9	23.71	0	0	177.8	7.893	13230
11.14	0	30	54.45	29.9	0	0	7	26.68	175.4	22.45	0	0	168.4	7.732	12510
11.15	0	30	50.07	27.07	0	0	7	24.33	166.8	21.24	0	0	159.3	7.093	11950
11.16	0	30	46.35	24.7	0	0	7	22.1	158.2	20.04	0	0	150.3	6.549	11370
11.17	0	30	44.36	23.39	0	0	7	22.08	151.1	19.24	0	0	144.3	6.248	11970
11.18	0	30	42.58	22.2	0	0	7	20.41	145	18.38	0	0	137.9	5.974	11470
11.19	0	30	40	20.32	0	0	7	20.1	139.6	17.75	0	0	133.1	5.582	11770
11.2	0	30	40.39	20.54	0	0	7	21.43	136.7	17.57	0	0	131.7	5.628	12930
11.21	0	30	40.78	20.72	0	0	7	19.94	134.2	17.12	0	0	128.4	5.661	12200
11.22	0	30	40.47	20.75	0	0	7	20.98	132.3	17.03	0	0	127.7	5.635	13090
11.23	0	30	40.84	20.66	0	0	7	21.38	131.8	17.03	0	0	127.7	5.658	13410
11.24	0	30	40.47	20.61	0	0	7	21.33	131.6	17	0	0	127.5	5.622	13400
11.25	0	30	40.51	20.54	0	0	7	19.4	130	16.6	0	0	124.5	5.607	12250
11.26	0	30	40.52	20.44	0	0	7	19.07	127.6	16.29	0	0	122.2	5.591	12280
11.27	0	30	40.31	20.4	0	0	7	17.83	124.8	15.85	0	0	118.9	5.556	11670
11.28	0	30	40.12	20.16	0	0	7	17.77	122.3	15.56	0	0	116.7	5.511	11900
11.29	0	30	40.05	20.03	0	0	7	17.2	120.1	15.25	0	0	114.4	5.484	11710
11.3	0	30	40.34	20	0	0	7	17.11	118.2	15.03	0	0	112.7	5.499	11840
11.31	0	30	40.58	20.1	0	0	7	17.4	117.1	14.95	0	0	112.1	5.525	12190
11.32	0	30	40.89	20.4	0	0	7	18.01	117.1	15.01	0	0	112.6	5.578	12670
11.33	0	30	41.17	20.82	0	0	7	18.02	117.3	15.04	0	0	112.8	5.637	12650
11.34	0	30	41.86	21.17	0	0	7	17.76	117.2	15	0	0	112.5	5.723	12460
11.35	0	30	42.42	21.61	0	0	7	18.88	118	15.21	0	0	114.1	5.813	13220
11.36	0	30	43.95	22.14	0	0	7	19.88	119.9	15.53	0	0	116.5	5.993	13730
11.38	0	30	48.77	24.68	0	0	7	24.76	122.6	16.37	0	0	122.8	6.634	16830
11.39	0	30	59.89	29.66	0	0	7	26.38	130.6	17.44	0	0	130.8	8.008	16830
11.4	0	30	71.46	34.25	0	0	7	36.2	141.2	19.71	0	0	147.9	9.427	21150
11.41	0	30	80.01	37.94	0	0	7	47.5	156.9	22.71	0	0	170.3	10.54	24560
11.42	0	30	94.9	43.4	0	0	7	51.26	174.2	25.05	0	0	187.9	12.31	23950
11.43	0	30	105.8	46.61	0	0	7	60.94	189.2	27.79	0	0	208.4	13.57	25900
11.44	0	30	115.2	49.25	0	0	7	71	205.4	30.72	0	0	230.4	14.667	27490
11.45	0	30	120	50	0	0	7	83.12	220.2	33.7	0	0	252.7	15.223	29550
11.46	0	30	119	49.25	0	0	7	90.3	236.5	36.31	0	0	272.3	15.156	29830
11.47	0	30	112.1	45.74	0	0	7	95.77	250.7	38.5	0	0	288.7	14.36	29840
11.48	0	30	102.5	40.86	0	0	7	99.21	262.7	40.22	0	0	301.6	13.203	29560
11.49	0	30	94.81	39.03	0	0	7	89.71	275.5	40.58	0	0	304.4	12.425	26140
11.5	0	30	88.38	36.85	0	0	7	85.82	278.5	40.49	0	0	303.6	11.704	24930
11.51	0	30	81.29	34.25	0	0	7	85.38	277.2	40.28	0	0	302.1	10.89	24930
11.52	0	30	75.77	32.16	0	0	7	81.32	276.7	39.78	0	0	298.3	10.24	23920
11.53	0	30	70.37	30.78	0	0	7	80.83	275.9	39.64	0	0	297.3	9.671	23860
11.54	0	30	68.28	29.8	0	0	7	70.35	275.3	38.41	0	0	288.1	9.376	21090
11.55	0	30	67.03	29.24	0	0	7	82.33	268.8	39.01	0	0	292.6	9.245	24800
11.56	0	30	66.77	28.52	0	0	7	80.89	271.4	39.14	0	0	293.6	9.167	24220
11.57	0	30	67.08	27.96	0	0	7	75.76	272.2	38.66	0	0	290	9.131	22790
11.58	0	30	68.09	28.13	0	0	7	72.17	269.9	38.01	0	0	285.1	9.209	21980
11.59	0	30	68.72	27.55	0	0	7	62.36	266.2	36.51	0	0	273.8	9.167	19440
11.6	0	30	68.31	27.46	0	0	7	54.79	256.3	34.56	0	0	259.2	9.064	17810
11.61	0	30	65.17	26.46	0	0	7	72.18	248.3	35.61	0	0	267	8.751	23700
11.63	0	30	61.65	26.18	0	0	7	66.38	252.3	35.41	0	0	265.5	8.428	21660
11.64	0	30	59.76	26.29	0	0	7	61.05	250.9	34.66	0	0	259.9	8.257	20150
11.65	0	30	58.95	26.79	0	0	7	63.36	247	34.49	0	0	258.7	8.225	21160
11.66	0	30	59.39	27.29	0	0	7	50.94	244.6	32.84	0	0	246.3	8.252	17350
11.67	0	30	60.21	27.12	0	0	7	46.74	233.9	31.18	0	0	233.9	8.255	16650
11.68	0	30	62.43	27.42	0	0	7	49.42	225.2	30.51	0	0	228.8	8.443	18260
11.69	0	30	65.87	28.33	0	0	7	48.31	220.7	29.89	0	0	224.1	8.786	18220
11.7	0	30	65.62	28.28	0	0	7	48.84	218.2	29.68	0	0	222.6	8.754	18610
11.71	0	30	64	27.71	0	0	7	46.9	216.2	29.24	0	0	219.3	8.559	18060
11.72	0	30	59.54	26.69	0	0	7	45	213.2	28.69	0	0	215.2	8.085	17580
11.73	0	30	58.34	26.57	0	0	7	43.38	208.5	27.99	0	0	209.9	7.953	17340
11.74	0	30	57.34	26.62	0	0	7	43.59	205.8	27.71	0	0	207.8	7.865	17640
11.75	0	30	58.69	27.46	0	0	7	43.47	204	27.5	0	0	206.2	8.041	17740
11.76	0	30	60.47	28.33	0	0	7	43.17	202.5	27.3	0	0	204.8	8.256	17750
11.77	0	30	63.25	29.27	0	0	7	42.86	201.3	27.13	0	0	203.4	8.56	17730
11.78	0	30	62.37	30.63	0	0	7	53.43	202.3	28.42	0	0	213.1	8.64	21740
11.79	0	30	62.22	30.59	0	0	7	53.6	208.8	29.16	0	0	218.7	8.647	21180
11.8	0	30	62.01	28.16	0	0	7	53.49	213	29.61	0	0	222.1	8.442	20750
11.81	0	30	66.41	29.8	0	0	7	55.42	216.1	30.17	0	0	226.3	8.962	21160
11.82	0	30	67.19	29.82	0	0	7	46.96	218.1	29.45	0	0	220.9	9.007	17930
11.83	0	30	68.47	30.3	0	0	7	50.71	215.4	29.57	0	0	221.8	9.157	19540
11.84	0	30	71.89	32.13	0	0	7	59.97	217.1	30.79	0	0	230.9	9.633	22640
11.85	0	30	75.64	33.77	0	0	7	57.29	223.1	31.16	0	0	233.7	10.094	21180
11.86	0	30	77.44	34.3	0	0	7	58.67	225.6	31.58	0	0	236.9	10.302	21440
11.88	0	30	80.08	35.64	0	0	7	56.54	227.9	31.6	0	0	237	10.634	20520
11.89	0	30	82.6	36.06	0	0	7	49.42	227.3	30.75	0	0	230.6	10.852	18100
11.9	0	30	83.84	35.93	0	0	7	67.86	224.9	32.53	0	0	244	11	24480
11.91	0	30	84.22	35.45	0	0	7	64.35	233.5	33.1	0	0	248.2	11.01	22590
11.92	0	30	83.38	35.7	0	0	7	62.34	236.8	33.24	0	0	249.3	10.964	21670
11.93	0	30	82	35.63	0	0	7	60.69	237.8	33.17	0	0	248.8	10.841	21060
11.94	0	30	80.14	35.38	0	0	7	47.26	236.1	31.48	0	0	236.1	10.613	16680
11.95	0	30	77.75	34.94	0	0	7	68.17	229.8	33.11	0	0	248.3	10.429	24120
11.96	0	30	75.62	34.14	0	0	7	62.92	237.1	33.34	0	0	250	10.192	21830
11.97	0	30	71.87	32.7	0	0	7	65.78	238.7	33.84	0	0	253.8	9.775	22590
11.98	0	30	69.46	31.47	0	0	7	61.6	241.2	33.65	0	0	252.4	9.464	21070
11.99	0	30	67.5	30.68	0	0	7	54.54	239.9	32.72	0	0	245.4	9.207	18900
12	0	30	63.63	30.25	0	0	7	37.29	182.9	24.46	0	0	183.5	8.59	16990
12.01	0	30	61.67	30.21	0	0	7	36.58	179.4	24	0	0	180	8.409	16990
12.02	0	30	61.72	31.05	0	0	7	34.3	179	23.7	0	0	177.8	8.473	15960
12.03	0	30	62.16	31.67	0	0	7	34.85	183.7	24.28	0	0	182.1	8.58	15810
12.04	0	30	64.58	33.16	0	0	7	34.66	184.9	24.4	0	0	183	8.909	15610
12.05	0	30	67.85	35.12	0	0	7	34.47	188.2	24.74	0	0	185.5	9.355	15250
12.06	0	30	72.14	37.87	0	0	7	34.31	190.4	24.97	0	0	187.2	9.949	14990
12.07	0	30	72.47	37.87	0	0	7	31.84	180.7	23.61	0	0	177.1	9.934	14650
12.08	0	30	69.76	36.85	0	0	7	29.86	174.4	22.69	0	0	170.2	9.595	14210
12.09	0	30	67.5	36.47	0	0	7	29.02	168.8	21.98	0	0	164.9	9.353	14270
12.1	0	30	62.84	34.39	0	0	7	27.88	163.8	21.29	0	0	159.7	8.769	14130
12.11	0	30	62.24	34.68	0	0	7	25.7	160.1	20.64	0	0	154.8	8.723	13260
12.13	0	30	53.74	32.07	0	0	7	23.91	155.7	19.96	0	0	149.7	7.776	12640
12.14	0	30	54.45	29.9	0	0	7	22.37	150.6	19.22	0	0	144.1	7.631	12190
12.15	0	30	50.07	27.07	0	0	7	20.94	144.7	18.41	0	0	138	7.005	11840
12.16	0	30	46.35	24.7	0	0	7	19.66	139.6	17.69	0	0	132.7	6.476	11480
12.17	0	30	44.36	23.39	0	0	7	19.36	133.6	17	0	0	127.5	6.178	11850
12.18	0	30	42.58	22.2	0	0	7	18.23	128.8	16.34	0	0	122.5	5.91	11540
12.19	0	30	40	20.32	0	0	7	18.07	125.9	16	0	0	120	5.528	11730
12.2	0	30	40.39	20.54	0	0	7	18.4	121.5	15.54	0	0	116.6	5.564	12450
12.21	0	30	40.78	20.72	0	0	7	17.52	119.7	15.24	0	0	114.3	5.602	11990
12.22	0	30	40.47	20.75	0	0	7	17.89	117.3	15.02	0	0	112.6	5.572	12550
12.23	0	30	40.84	20.66	0	0	7	17.97	116	14.89	0	0	111.7	5.591	12760
12.24	0	30	40.47	20.61	0	0	7	17.77	114.9	14.74	0	0	110.5	5.552	12750
12.25	0	30	40.51	20.54	0	0	7	16.93	115.3	14.69	0	0	110.2	5.547	12030
12.26	0	30	40.52	20.44	0	0	7	16.97	115.4	14.71	0	0	110.3	5.541	12050
12.27	0	30	40.31	20.4	0	0	7	16.35	114.4	14.53	0	0	109	5.515	11670
12.28	0	30	40.12	20.16	0	0	7	16.36	113.3	14.4	0	0	108	5.474	11810
12.29	0	30	40.05	20.03	0	0	7	16.22	113.3	14.39	0	0	107.9	5.457	11690
12.3	0	30	40.34	20	0	0	7	16.36	113.5	14.43	0	0	108.2	5.481	11780
12.31	0	30	40.58	20.1	0	0	7	16.45	112.4	14.31	0	0	107.3	5.505	11990
12.32	0	30	40.89	20.4	0	0	7	16.71	111.6	14.25	0	0	106.9	5.555	12290
12.33	0	30	41.17	20.82	0	0	7	16.64	111.3	14.21	0	0	106.6	5.611	12280
12.34	0	30	41.86	21.17	0	0	7	16.42	110.8	14.13	0	0	106	5.695	12160
12.35	0	30	42.42	21.61	0	0	7	17.11	111.4	14.28	0	0	107.1	5.784	12640
12.36	0	30	43.95	22.14	0	0	7	17.5	111.3	14.32	0	0	107.4	5.955	12960
12.38	0	30	48.77	24.68	0	0	7	19.59	109.3	14.32	0	0	107.4	6.57	14900
12.39	0	30	59.89	29.66	0	0	7	20.28	113.1	14.82	0	0	111.2	7.926	14900
12.4	0	30	71.46	34.25	0	0	7	25.79	122	16.42	0	0	123.2	9.324	17610
12.41	0	30	80.01	37.94	0	0	7	30.93	129.9	17.87	0	0	134	10.388	19750
12.42	0	30	94.9	43.4	0	0	7	32.87	140.8	19.3	0	0	144.8	12.129	19370
12.43	0	30	105.8	46.61	0	0	7	37.69	151.3	21	0	0	157.5	13.357	20600
12.44	0	30	115.2	49.25	0	0	7	42.78	163.2	22.88	0	0	171.6	14.422	21590
12.45	0	30	120	50	0	0	7	49.05	175.4	24.94	0	0	187	14.949	22890
12.46	0	30	119	49.25	0	0	7	52.93	187.6	26.73	0	0	200.5	14.856	23070
12.47	0	30	112.1	45.74	0	0	7	55.86	197.9	28.2	0	0	211.5	14.038	23080
12.48	0	30	102.5	40.86	0	0	7	57.94	207	29.44	0	0	220.8	12.865	22910
12.49	0	30	94.81	39.03	0	0	7	54.99	218.9	30.43	0	0	228.2	12.107	20760
12.5	0	30	88.38	36.85	0	0	7	54.42	225.4	31.09	0	0	233.2	11.41	20010
12.51	0	30	81.29	34.25	0	0	7	53.98	223.6	30.84	0	0	231.3	10.594	20010
12.52	0	30	75.77	32.16	0	0	7	51.93	222.4	30.48	0	0	228.6	9.949	19380
12.53	0	30	70.37	30.78	0	0	7	51.2	219.8	30.11	0	0	225.8	9.373	19340
12.54	0	30	68.28	29.8	0	0	7	46.73	221.1	29.76	0	0	223.2	9.105	17600
12.55	0	30	67.03	29.24	0	0	7	51.36	213.5	29.43	0	0	220.7	8.945	19940
12.56	0	30	66.77	28.52	0	0	7	49.51	209.8	28.81	0	0	216.1	8.843	19580
12.57	0	30	67.08	27.96	0	0	7	47.57	211.8	28.81	0	0	216.1	8.823	18680
12.58	0	30	68.09	28.13	0	0	7	46.13	211.3	28.6	0	0	214.5	8.914	18170
12.59	0	30	68.72	27.55	0	0	7	42.2	212.2	28.26	0	0	212	8.908	16570
12.6	0	30	68.31	27.46	0	0	7	39.34	210.7	27.78	0	0	208.4	8.852	15550
12.61	0	30	65.17	26.46	0	0	7	46.32	199.7	27.34	0	0	205	8.492	19260
12.63	0	30	61.65	26.18	0	0	7	43.14	199.7	26.99	0	0	202.4	8.164	17980
12.64	0	30	59.76	26.29	0	0	7	40.58	198.5	26.57	0	0	199.3	8.003	17030
12.65	0	30	58.95	26.79	0	0	7	41.4	195.1	26.28	0	0	197.1	7.968	17670
12.66	0	30	59.39	27.29	0	0	7	36.14	197	25.91	0	0	194.3	8.035	15260
12.67	0	30	60.21	27.12	0	0	7	34.77	195	25.53	0	0	191.5	8.078	14830
12.68	0	30	62.43	27.42	0	0	7	36.17	190.1	25.14	0	0	188.6	8.275	15850
12.69	0	30	65.87	28.33	0	0	7	35.46	186.7	24.69	0	0	185.2	8.624	15820
12.7	0	30	65.62	28.28	0	0	7	35.28	182.9	24.25	0	0	181.8	8.584	16070
12.71	0	30	64	27.71	0	0	7	34.02	180.3	23.81	0	0	178.6	8.388	15720
12.72	0	30	59.54	26.69	0	0	7	32.93	177.8	23.42	0	0	175.6	7.919	15420
12.73	0	30	58.34	26.57	0	0	7	32.19	175.5	23.07	0	0	173	7.799	15270
12.74	0	30	57.34	26.62	0	0	7	32.36	174.3	22.96	0	0	172.2	7.716	15460
12.75	0	30	58.69	27.46	0	0	7	33.22	178.1	23.48	0	0	176.1	7.915	15530
12.76	0	30	60.47	28.33	0	0	7	33.5	179.6	23.68	0	0	177.6	8.142	15530
12.77	0	30	63.25	29.27	0	0	7	33.88	181.7	23.96	0	0	179.7	8.46	15520
12.78	0	30	62.37	30.63	0	0	7	38.48	177.3	23.98	0	0	179.9	8.501	18060
12.79	0	30	62.22	30.59	0	0	7	37.51	176.4	23.77	0	0	178.3	8.478	17710
12.8	0	30	62.01	28.16	0	0	7	36.09	172.4	23.16	0	0	173.7	8.24	17440
12.81	0	30	66.41	29.8	0	0	7	36.11	169.9	22.89	0	0	171.7	8.734	17700
12.82	0	30	67.19	29.82	0	0	7	33.29	177.1	23.37	0	0	175.3	8.816	15660
12.83	0	30	68.47	30.3	0	0	7	35.95	179.6	23.96	0	0	179.7	8.982	16680
12.84	0	30	71.89	32.13	0	0	7	40.19	179.2	24.38	0	0	182.8	9.432	18650
12.85	0	30	75.64	33.77	0	0	7	39.59	186	25.07	0	0	188	9.903	17730
12.86	0	30	77.44	34.3	0	0	7	39.68	184.7	24.93	0	0	187	10.093	17890
12.88	0	30	80.08	35.64	0	0	7	37.85	182.2	24.45	0	0	183.4	10.409	17310
12.89	0	30	82.6	36.06	0	0	7	35.08	185.3	24.48	0	0	183.6	10.656	15770
12.9	0	30	83.84	35.93	0	0	7	44.39	185.6	25.55	0	0	191.6	10.781	19830
12.91	0	30	84.22	35.45	0	0	7	42.61	190.2	25.87	0	0	194	10.783	18630
12.92	0	30	83.38	35.7	0	0	7	41.83	192.9	26.08	0	0	195.6	10.74	18050
12.93	0	30	82	35.63	0	0	7	41.52	195.7	26.36	0	0	197.7	10.628	17670
12.94	0	30	80.14	35.38	0	0	7	35.56	198.7	26.03	0	0	195.2	10.442	14880
12.95	0	30	77.75	34.94	0	0	7	46.33	195.9	26.91	0	0	201.9	10.235	19620
12.96	0	30	75.62	34.14	0	0	7	43.99	201.6	27.29	0	0	204.7	10.002	18160
12.97	0	30	71.87	32.7	0	0	7	45.2	201.6	27.42	0	0	205.7	9.574	18650
12.98	0	30	69.46	31.47	0	0	7	43.21	203.5	27.41	0	0	205.6	9.269	17680
12.99	0	30	67.5	30.68	0	0	7	40.15	205.3	27.27	0	0	204.5	9.036	16300
13	0	30	63.63	30.25	0	0	7	37.5	202.9	26.71	0	0	200.3	8.66	15390
13.01	0	30	61.67	30.21	0	0	7	37.23	199.5	26.31	0	0	197.3	8.481	15530
13.02	0	30	61.72	31.05	0	0	7	33.98	179.3	23.7	0	0	177.8	8.473	15780
13.03	0	30	62.16	31.67	0	0	7	39.36	179.2	24.28	0	0	182.1	8.58	18280
13.04	0	30	64.58	33.16	0	0	7	38.07	181.5	24.4	0	0	183	8.909	17470
13.05	0	30	67.85	35.12	0	0	7	39.98	182.6	24.74	0	0	185.5	9.355	18220
13.06	0	30	72.14	37.87	0	0	7	40.19	184.5	24.97	0	0	187.2	9.949	18130
13.07	0	30	72.47	37.87	0	0	7	29.9	182.6	23.61	0	0	177.1	9.934	13550
13.08	0	30	69.76	36.85	0	0	7	28.92	175.3	22.69	0	0	170.2	9.595	13660
13.09	0	30	67.5	36.47	0	0	7	28.04	169.8	21.98	0	0	164.9	9.353	13680
13.1	0	30	62.84	34.39	0	0	7	26.63	165	21.29	0	0	159.7	8.769	13340
13.11	0	30	62.24	34.68	0	0	7	25.4	160.4	20.64	0	0	154.8	8.723	13080
13.13	0	30	53.74	32.07	0	0	7	23.02	156.6	19.96	0	0	149.7	7.776	12040
13.14	0	30	54.45	29.9	0	0	7	22.16	150.8	19.22	0	0	144.1	7.631	12040
13.15	0	30	50.07	27.07	0	0	7	20.33	145.3	18.41	0	0	138	7.005	11400
13.16	0	30	46.35	24.7	0	0	7	19.31	139.9	17.69	0	0	132.7	6.476	11220
13.17	0	30	44.36	23.39	0	0	7	18.14	134.8	17	0	0	127.5	6.178	10900
13.18	0	30	42.58	22.2	0	0	7	17.11	129.9	16.34	0	0	122.5	5.91	10630
13.19	0	30	40	20.32	0	0	7	17.61	126.4	16	0	0	120	5.528	11350
13.2	0	30	40.39	20.54	0	0	7	16.57	123.3	15.54	0	0	116.6	5.564	10880
13.21	0	30	40.78	20.72	0	0	7	16.6	120.6	15.24	0	0	114.3	5.602	11190
13.22	0	30	40.47	20.75	0	0	7	16.53	118.6	15.02	0	0	112.6	5.572	11340
13.23	0	30	40.84	20.66	0	0	7	16.7	117.3	14.89	0	0	111.7	5.591	11620
13.24	0	30	40.47	20.61	0	0	7	16.42	116.2	14.74	0	0	110.5	5.552	11520
13.25	0	30	40.51	20.54	0	0	7	16.72	115.5	14.69	0	0	110.2	5.547	11840
13.26	0	30	40.52	20.44	0	0	7	17.03	115.4	14.71	0	0	110.3	5.541	12110
13.27	0	30	40.31	20.4	0	0	7	16.09	114.7	14.53	0	0	109	5.515	11430
13.28	0	30	40.12	20.16	0	0	7	15.98	113.6	14.4	0	0	108	5.474	11460
13.29	0	30	40.05	20.03	0	0	7	16.36	113.2	14.39	0	0	107.9	5.457	11830
13.3	0	30	40.34	20	0	0	7	16.62	113.3	14.43	0	0	108.2	5.481	12020
13.31	0	30	40.58	20.1	0	0	7	15.91	112.9	14.31	0	0	107.3	5.505	11490
13.32	0	30	40.89	20.4	0	0	7	15.98	112.3	14.25	0	0	106.9	5.555	11610
13.33	0	30	41.17	20.82	0	0	7	15.95	111.9	14.21	0	0	106.6	5.611	11630
13.34	0	30	41.86	21.17	0	0	7	15.7	111.5	14.13	0	0	106	5.695	11480
13.35	0	30	42.42	21.61	0	0	7	16.71	111.8	14.28	0	0	107.1	5.784	12270
13.36	0	30	43.95	22.14	0	0	7	16.44	112.4	14.32	0	0	107.4	5.955	11980
13.38	0	30	48.77	24.68	0	0	7	16.35	112.6	14.32	0	0	107.4	6.57	11890
13.39	0	30	59.89	29.66	0	0	7	18.93	114.5	14.82	0	0	111.2	7.926	13690
13.4	0	30	71.46	34.25	0	0	7	26.34	121.5	16.42	0	0	123.2	9.324	18050
13.41	0	30	80.01	37.94	0	0	7	29.26	131.5	17.87	0	0	134	10.388	18510
13.42	0	30	94.9	43.4	0	0	7	32.5	141.2	19.3	0	0	144.8	12.129	19120
13.43	0	30	105.8	46.61	0	0	7	37.63	151.4	21	0	0	157.5	13.357	20560
13.44	0	30	115.2	49.25	0	0	7	43.24	162.7	22.88	0	0	171.6	14.422	21860
13.45	0	30	120	50	0	0	7	49.68	174.8	24.94	0	0	187	14.949	23230
13.46	0	30	119	49.25	0	0	7	53.55	187	26.73	0	0	200.5	14.856	23380
13.47	0	30	112.1	45.74	0	0	7	56.24	197.6	28.2	0	0	211.5	14.038	23260
13.48	0	30	102.5	40.86	0	0	7	58.75	206.2	29.44	0	0	220.8	12.865	23270
13.49	0	30	94.81	39.03	0	0	7	60.46	213.4	30.43	0	0	228.2	12.107	23160
13.5	0	30	88.38	36.85	0	0	7	60.71	219.1	31.09	0	0	233.2	11.41	22700
13.51	0	30	81.29	34.25	0	0	7	55.04	222.5	30.84	0	0	231.3	10.594	20460
13.52	0	30	75.77	32.16	0	0	7	52.83	221.5	30.48	0	0	228.6	9.949	19770
13.53	0	30	70.37	30.78	0	0	7	51.32	219.7	30.11	0	0	225.8	9.373	19390
13.54	0	30	68.28	29.8	0	0	7	50.22	217.6	29.76	0	0	223.2	9.105	19170
13.55	0	30	67.03	29.24	0	0	7	49.23	215.6	29.43	0	0	220.7	8.945	18970
13.56	0	30	66.77	28.52	0	0	7	46.11	213.2	28.81	0	0	216.1	8.843	18000
13.57	0	30	67.08	27.96	0	0	7	48.84	210.5	28.81	0	0	216.1	8.823	19260
13.58	0	30	68.09	28.13	0	0	7	47.45	209.9	28.6	0	0	214.5	8.914	18790
13.59	0	30	68.72	27.55	0	0	7	45.92	208.4	28.26	0	0	212	8.908	18330
13.6	0	30	68.31	27.46	0	0	7	43.85	206.2	27.78	0	0	208.4	8.852	17710
13.61	0	30	65.17	26.46	0	0	7	42.72	203.3	27.34	0	0	205	8.492	17500
13.63	0	30	61.65	26.18	0	0	7	42.16	200.7	26.99	0	0	202.4	8.164	17500
13.64	0	30	59.76	26.29	0	0	7	40.78	198.3	26.57	0	0	199.3	8.003	17130
13.65	0	30	58.95	26.79	0	0	7	40.62	195.9	26.28	0	0	197.1	7.968	17270
13.66	0	30	59.39	27.29	0	0	7	39.31	193.8	25.91	0	0	194.3	8.035	16900
13.67	0	30	60.21	27.12	0	0	7	38.35	191.4	25.53	0	0	191.5	8.078	16690
13.68	0	30	62.43	27.42	0	0	7	37.3	189	25.14	0	0	188.6	8.275	16450
13.69	0	30	65.87	28.33	0	0	7	35.87	186.3	24.69	0	0	185.2	8.624	16040
13.7	0	30	65.62	28.28	0	0	7	34.81	183.4	24.25	0	0	181.8	8.584	15810
13.71	0	30	64	27.71	0	0	7	33.75	180.5	23.81	0	0	178.6	8.388	15570
13.72	0	30	59.54	26.69	0	0	7	33	177.7	23.42	0	0	175.6	7.919	15460
13.73	0	30	58.34	26.57	0	0	7	32.42	175.2	23.07	0	0	173	7.799	15400
13.74	0	30	57.34	26.62	0	0	7	33.14	173.5	22.96	0	0	172.2	7.716	15920
13.75	0	30	58.69	27.46	0	0	7	37.37	174	23.48	0	0	176.1	7.915	17880
13.76	0	30	60.47	28.33	0	0	7	36.77	176.3	23.68	0	0	177.6	8.142	17370
13.77	0	30	63.25	29.27	0	0	7	37.86	177.8	23.96	0	0	179.7	8.46	17740
13.78	0	30	62.37	30.63	0	0	7	36.79	179	23.98	0	0	179.9	8.501	17120
13.79	0	30	62.22	30.59	0	0	7	35.1	178.8	23.77	0	0	178.3	8.478	16360
13.8	0	30	62.01	28.16	0	0	7	31.78	176.7	23.16	0	0	173.7	8.24	14960
13.81	0	30	66.41	29.8	0	0	7	32.3	173.7	22.89	0	0	171.7	8.734	15480
13.82	0	30	67.19	29.82	0	0	7	36.73	173.6	23.37	0	0	175.3	8.816	17620
13.83	0	30	68.47	30.3	0	0	7	39.07	176.5	23.96	0	0	179.7	8.982	18410
13.84	0	30	71.89	32.13	0	0	7	39.66	179.7	24.38	0	0	182.8	9.432	18360
13.85	0	30	75.64	33.77	0	0	7	42.73	182.9	25.07	0	0	188	9.903	19400
13.86	0	30	77.44	34.3	0	0	7	38.68	185.7	24.93	0	0	187	10.093	17350
13.88	0	30	80.08	35.64	0	0	7	35.56	184.5	24.45	0	0	183.4	10.409	16060
13.89	0	30	82.6	36.06	0	0	7	37.62	182.7	24.48	0	0	183.6	10.656	17150
13.9	0	30	83.84	35.93	0	0	7	45.3	184.7	25.55	0	0	191.6	10.781	20300
13.91	0	30	84.22	35.45	0	0	7	43.18	189.6	25.87	0	0	194	10.783	18930
13.92	0	30	83.38	35.7	0	0	7	43.18	191.5	26.08	0	0	195.6	10.74	18740
13.93	0	30	82	35.63	0	0	7	44.15	193.1	26.36	0	0	197.7	10.628	19000
13.94	0	30	80.14	35.38	0	0	7	40.4	193.9	26.03	0	0	195.2	10.442	17360
13.95	0	30	77.75	34.94	0	0	7	48.2	194	26.91	0	0	201.9	10.235	20540
13.96	0	30	75.62	34.14	0	0	7	47.34	198.3	27.29	0	0	204.7	10.002	19800
13.97	0	30	71.87	32.7	0	0	7	46.48	200.3	27.42	0	0	205.7	9.574	19270
13.98	0	30	69.46	31.47	0	0	7	45.63	201.1	27.41	0	0	205.6	9.269	18860
13.99	0	30	67.5	30.68	0	0	7	44.47	201	27.27	0	0	204.5	9.036	18410
14	0	30	63.63	30.25	0	0	7	58.48	224.4	31.43	0	0	235.7	8.808	21480
